0 0.189062 0.602344 0.012500 0.029687
0 0.484375 0.500781 0.015625 0.017188
0 0.561719 0.970312 0.082813 0.056250
0 0.304688 0.571875 0.021875 0.034375
0 0.468750 0.508594 0.012500 0.017188
0 0.175000 0.578125 0.021875 0.025000
0 0.177344 0.607812 0.032812 0.043750
0 0.185156 0.586719 0.026562 0.035938
0 0.190625 0.603906 0.009375 0.023438
0 0.499219 0.491406 0.014062 0.014062
1 0.175000 0.577344 0.021875 0.023438
1 0.483594 0.500781 0.014062 0.017188
1 0.234375 0.600781 0.028125 0.042187
1 0.259375 0.580469 0.021875 0.035937
1 0.207813 0.578906 0.021875 0.035938
1 0.237500 0.572656 0.021875 0.023438
