0 0.553125 0.974219 0.078125 0.048438
0 0.114063 0.597656 0.031250 0.039062
0 0.145313 0.599219 0.028125 0.042188
0 0.164062 0.582031 0.021875 0.039062
0 0.179688 0.599219 0.028125 0.042188
0 0.216406 0.588281 0.023438 0.039062
0 0.609375 0.359375 0.021875 0.037500
0 0.385938 0.564844 0.018750 0.029687
0 0.454688 0.057031 0.012500 0.020312
1 0.266406 0.586719 0.023438 0.035938
1 0.285156 0.573438 0.017188 0.034375
1 0.583594 0.471094 0.026563 0.054688
1 0.200000 0.578906 0.021875 0.035938
1 0.164062 0.580469 0.018750 0.035937
1 0.308594 0.572656 0.020312 0.032813
1 0.240625 0.578125 0.021875 0.034375
