0 0.567969 0.967969 0.085938 0.060937
0 0.221875 0.590625 0.025000 0.037500
0 0.313281 0.566406 0.017188 0.032812
0 0.261719 0.600781 0.026563 0.042187
0 0.650781 0.277344 0.020312 0.035937
0 0.329688 0.578906 0.021875 0.035938
0 0.337500 0.569531 0.012500 0.020313
1 0.384375 0.557813 0.006250 0.015625
1 0.632812 0.307812 0.021875 0.040625
1 0.201562 0.578906 0.009375 0.023438
1 0.213281 0.572656 0.020313 0.032813
1 0.275781 0.574219 0.020313 0.035937
1 0.188281 0.582031 0.023438 0.039062
1 0.342187 0.563281 0.012500 0.026562
1 0.298438 0.577344 0.021875 0.035938
1 0.397656 0.560938 0.007812 0.021875
1 0.392188 0.563281 0.015625 0.026562
1 0.385156 0.560938 0.007812 0.021875
