0 0.485156 0.496094 0.014062 0.017187
0 0.305469 0.607031 0.020313 0.026563
0 0.206250 0.577344 0.025000 0.029687
0 0.211719 0.598437 0.029688 0.046875
0 0.208594 0.585938 0.026562 0.025000
0 0.564062 0.967187 0.084375 0.062500
0 0.471094 0.505469 0.014063 0.017187
0 0.500781 0.488281 0.014062 0.017188
1 0.253906 0.564063 0.014062 0.028125
1 0.267969 0.610938 0.029688 0.046875
1 0.485156 0.496094 0.014062 0.017187
1 0.212500 0.565625 0.018750 0.025000
1 0.181250 0.574219 0.025000 0.035937
1 0.741406 0.547656 0.020313 0.026562
