0 0.109375 0.604688 0.034375 0.046875
0 0.471094 0.517187 0.014063 0.021875
0 0.645312 0.360156 0.018750 0.035938
0 0.057813 0.613281 0.021875 0.045313
0 0.140625 0.606250 0.028125 0.043750
0 0.100000 0.610156 0.015625 0.026562
0 0.059375 0.595313 0.018750 0.015625
0 0.450000 0.071875 0.018750 0.025000
0 0.175000 0.606250 0.028125 0.043750
0 0.211719 0.595312 0.023438 0.040625
0 0.039844 0.604688 0.020313 0.025000
0 0.456250 0.525000 0.012500 0.018750
0 0.550000 0.980469 0.071875 0.035937
0 0.486719 0.507812 0.014063 0.015625
0 0.452344 0.068750 0.014062 0.018750
1 0.159375 0.586719 0.021875 0.035938
1 0.235938 0.585156 0.021875 0.035938
1 0.288281 0.582031 0.020313 0.032812
1 0.653125 0.337500 0.015625 0.028125
1 0.196875 0.586719 0.021875 0.035938
1 0.471094 0.516406 0.014063 0.020313
