0 0.628906 0.522656 0.010938 0.014062
0 0.063281 0.632031 0.020313 0.032813
0 0.114063 0.625000 0.031250 0.040625
0 0.144531 0.624219 0.029687 0.042187
0 0.216406 0.612500 0.023438 0.040625
0 0.178906 0.621094 0.029688 0.042188
0 0.107031 0.626563 0.017188 0.031250
0 0.460156 0.536719 0.010937 0.017188
0 0.474219 0.525781 0.014063 0.017188
0 0.557031 0.985937 0.057813 0.025000
0 0.489844 0.518750 0.014063 0.015625
0 0.646875 0.517188 0.006250 0.012500
0 0.451562 0.085938 0.015625 0.025000
1 0.632812 0.685937 0.031250 0.050000
1 0.240625 0.599219 0.021875 0.035937
1 0.164062 0.603906 0.018750 0.032813
1 0.293750 0.596094 0.021875 0.035937
1 0.475000 0.526563 0.012500 0.015625
1 0.201562 0.603125 0.021875 0.037500
