0 0.488281 0.491406 0.014062 0.014062
0 0.211719 0.577344 0.020312 0.042187
0 0.046875 0.730469 0.062500 0.085938
0 0.392188 0.592969 0.009375 0.017188
0 0.502344 0.482812 0.014063 0.015625
0 0.566406 0.964063 0.085938 0.068750
0 0.473438 0.497656 0.009375 0.014062
0 0.213281 0.559375 0.017187 0.012500
1 0.745313 0.539844 0.018750 0.029687
1 0.242188 0.578906 0.025000 0.039062
1 0.212500 0.559375 0.018750 0.012500
1 0.187500 0.560937 0.018750 0.012500
1 0.191406 0.587500 0.026562 0.040625
1 0.182031 0.576562 0.026562 0.043750
1 0.487500 0.491406 0.014844 0.016406
