0 0.342187 0.467187 0.012500 0.018750
0 0.364063 0.447656 0.013281 0.017969
0 0.093750 0.641406 0.012500 0.020313
0 0.300000 0.535937 0.015625 0.025000
0 0.800000 0.607812 0.012500 0.031250
0 0.375000 0.989844 0.018750 0.017188
0 0.058594 0.664062 0.026562 0.037500
0 0.329688 0.475781 0.010937 0.017969
0 0.329688 0.483594 0.009375 0.017188
0 0.259375 0.715625 0.025781 0.044531
0 0.410156 0.378906 0.010938 0.017188
0 0.321094 0.489844 0.014062 0.026563
0 0.942187 0.714063 0.021875 0.025000
0 0.702344 0.796875 0.014063 0.042969
0 0.332812 0.476562 0.012500 0.018750
1 0.378125 0.712500 0.023438 0.044531
1 0.797656 0.585156 0.017188 0.023438
1 0.357812 0.517969 0.012500 0.023438
1 0.321875 0.489063 0.012500 0.025000
1 0.300000 0.535937 0.015625 0.025000
1 0.353125 0.457031 0.012500 0.017188
1 0.778906 0.582812 0.017188 0.031250
1 0.410938 0.378125 0.009375 0.015625
1 0.715625 0.663281 0.021875 0.026562
