0 0.675000 0.796094 0.018750 0.029687
0 0.340625 0.418750 0.012500 0.018750
0 0.051562 0.604688 0.028906 0.037500
0 0.330469 0.428125 0.014063 0.021875
0 0.132812 0.575781 0.021875 0.032813
0 0.639062 0.903906 0.028125 0.064063
0 0.375000 0.468750 0.013281 0.026562
0 0.168750 0.655469 0.012500 0.014062
0 0.621875 0.724219 0.025000 0.048438
0 0.634375 0.829688 0.031250 0.059375
0 0.384375 0.472656 0.011719 0.026562
0 0.657031 0.599219 0.020313 0.035937
0 0.338281 0.418750 0.010937 0.015625
1 0.767188 0.357812 0.018750 0.043750
1 0.597656 0.596875 0.020313 0.037500
1 0.461719 0.703125 0.023438 0.046875
1 0.663281 0.826562 0.020313 0.034375
1 0.539844 0.434375 0.010937 0.018750
1 0.112500 0.575000 0.018750 0.031250
1 0.318750 0.439844 0.012500 0.023438
1 0.675000 0.767969 0.028125 0.035937
1 0.536719 0.832031 0.029687 0.060938
1 0.575781 0.813281 0.029687 0.057812
1 0.291406 0.487500 0.014063 0.025000
1 0.654688 0.860937 0.021875 0.037500
1 0.392969 0.477344 0.014063 0.026562
1 0.637500 0.590625 0.018750 0.034375
1 0.384375 0.474219 0.009375 0.023438
1 0.548438 0.436719 0.011719 0.021094
1 0.617969 0.582031 0.020313 0.032812
