0 0.559375 0.445312 0.018750 0.034375
0 0.617969 0.383594 0.007812 0.020313
0 0.801562 0.885938 0.040625 0.059375
0 0.608594 0.496875 0.014062 0.034375
0 0.571094 0.467969 0.014062 0.032813
0 0.551562 0.424219 0.018750 0.023438
0 0.616406 0.532812 0.014062 0.025000
0 0.542969 0.405469 0.017187 0.026562
1 0.617969 0.383594 0.007812 0.020313
1 0.607812 0.496875 0.012500 0.031250
1 0.766406 0.829688 0.039062 0.059375
1 0.580469 0.517187 0.020312 0.037500
1 0.053906 0.487500 0.023438 0.034375
1 0.389062 0.382031 0.012500 0.023438
1 0.543750 0.405469 0.015625 0.026562
1 0.140625 0.431250 0.018750 0.028125
1 0.558594 0.442969 0.017187 0.032812
1 0.596875 0.542969 0.018750 0.035937
1 0.617188 0.532031 0.012500 0.026562
1 0.564844 0.358594 0.010938 0.020313
1 0.746875 0.789062 0.034375 0.059375
