0 0.696875 0.717187 0.025000 0.046875
0 0.053906 0.628125 0.026562 0.037500
0 0.238281 0.696094 0.010937 0.017188
0 0.325000 0.529687 0.014844 0.028906
0 0.332812 0.451562 0.012500 0.018750
0 0.314844 0.524219 0.014063 0.026562
0 0.375781 0.490625 0.012500 0.025000
0 0.139063 0.585938 0.021875 0.033594
0 0.037500 0.617969 0.006250 0.010937
0 0.665625 0.834375 0.025000 0.053125
0 0.624219 0.950781 0.032813 0.070312
0 0.175000 0.677344 0.016406 0.021094
0 0.656250 0.618750 0.021094 0.037500
1 0.567187 0.522656 0.012500 0.026562
1 0.667188 0.766406 0.025000 0.039062
1 0.472656 0.989062 0.032813 0.018750
1 0.671875 0.794531 0.027344 0.035937
1 0.617188 0.603125 0.018750 0.034375
1 0.321875 0.464844 0.014844 0.023438
1 0.689844 0.763281 0.017188 0.045312
1 0.117969 0.596875 0.023438 0.033594
1 0.398438 0.499219 0.006250 0.023438
1 0.321094 0.470313 0.014062 0.034375
1 0.395313 0.499219 0.014063 0.026562
1 0.335156 0.536719 0.014062 0.026563
1 0.636719 0.610156 0.020312 0.032813
1 0.314844 0.523438 0.010937 0.025000
1 0.623438 0.732812 0.025000 0.043750
1 0.385938 0.495312 0.012500 0.025000
1 0.592188 0.753125 0.025000 0.050000
1 0.558594 0.458594 0.014063 0.023438
