0 0.825781 0.619531 0.017188 0.026563
0 0.667188 0.535156 0.009375 0.014063
0 0.442188 0.659375 0.006250 0.025000
0 0.460156 0.571875 0.007812 0.018750
0 0.485938 0.699219 0.015625 0.032812
0 0.564063 0.546875 0.010937 0.017969
0 0.632812 0.571875 0.009375 0.018750
0 0.844531 0.621094 0.014062 0.017187
0 0.529687 0.765625 0.021875 0.042969
0 0.573438 0.930469 0.028125 0.060937
0 0.453125 0.653125 0.015625 0.028125
1 0.544531 0.753906 0.020312 0.039062
1 0.470313 0.708594 0.018750 0.032813
1 0.617969 0.575000 0.007812 0.015625
1 0.678906 0.543750 0.010937 0.015625
1 0.825781 0.620313 0.017188 0.025000
1 0.623437 0.576562 0.016406 0.019531
1 0.863281 0.632031 0.020312 0.029687
1 0.500000 0.691406 0.015625 0.032812
1 0.581250 0.996875 0.012500 0.003125
1 0.442188 0.659375 0.006250 0.025000
1 0.563281 0.546094 0.007812 0.017188
1 0.598437 0.958594 0.031250 0.067187
1 0.550000 0.903906 0.028906 0.058594
1 0.559375 0.742969 0.018750 0.035938
1 0.648438 0.680469 0.017969 0.033594
1 0.779687 0.603125 0.016406 0.025000
