0 0.341406 0.528906 0.014063 0.026563
0 0.671094 0.825781 0.026562 0.048438
0 0.066406 0.621875 0.026562 0.037500
0 0.331250 0.521094 0.012500 0.026563
0 0.339063 0.442187 0.012500 0.018750
0 0.147656 0.589063 0.020312 0.031250
0 0.321875 0.515625 0.012500 0.028125
0 0.183594 0.668750 0.017188 0.018750
0 0.382031 0.482031 0.010937 0.023438
0 0.345313 0.742969 0.021875 0.035938
0 0.629687 0.952344 0.034375 0.073437
0 0.390625 0.387500 0.012500 0.021875
1 0.729688 0.581250 0.018750 0.040625
1 0.468750 0.712500 0.025000 0.046875
1 0.400781 0.489844 0.010937 0.023438
1 0.716406 0.660937 0.023438 0.034375
1 0.610938 0.770312 0.028125 0.053125
1 0.126562 0.590625 0.021094 0.033594
1 0.326562 0.457031 0.012500 0.029687
1 0.342187 0.528125 0.014844 0.028125
1 0.451562 0.191406 0.011719 0.025000
1 0.661719 0.876563 0.020312 0.050000
1 0.392969 0.486719 0.012500 0.026562
1 0.321875 0.515625 0.012500 0.025000
1 0.564844 0.446875 0.014062 0.021875
1 0.530469 0.806250 0.026562 0.059375
1 0.321094 0.772656 0.010937 0.020313
1 0.625000 0.586719 0.018750 0.026562
