0 0.534375 0.763281 0.022656 0.042969
0 0.742188 0.611719 0.012500 0.023438
0 0.692187 0.587500 0.009375 0.021875
0 0.449219 0.659375 0.004687 0.015625
0 0.637500 0.567187 0.010156 0.021094
0 0.852344 0.617969 0.010937 0.014062
0 0.490625 0.696875 0.017969 0.034375
0 0.629687 0.571094 0.009375 0.020313
0 0.573438 0.385156 0.009375 0.017187
0 0.732812 0.616406 0.015625 0.026562
0 0.458594 0.650781 0.014063 0.026563
0 0.749219 0.608594 0.010937 0.023438
0 0.578906 0.928906 0.029687 0.060937
0 0.474219 0.706250 0.017187 0.034375
0 0.685156 0.591406 0.010938 0.020312
1 0.549219 0.751562 0.020312 0.040625
1 0.732812 0.617188 0.015625 0.025000
1 0.836719 0.617969 0.017188 0.026562
1 0.692187 0.588281 0.009375 0.020312
1 0.676562 0.596094 0.012500 0.023438
1 0.475000 0.706250 0.018750 0.034375
1 0.504687 0.688281 0.015625 0.032813
1 0.449219 0.660156 0.004687 0.014063
1 0.588281 0.996094 0.014062 0.004687
1 0.750000 0.608594 0.009375 0.023438
1 0.564063 0.740625 0.018750 0.040625
1 0.554688 0.903125 0.028125 0.056250
1 0.600781 0.963281 0.032813 0.067187
1 0.630469 0.571094 0.007812 0.020313
