0 0.760156 0.262500 0.010938 0.025000
0 0.774219 0.361719 0.010937 0.023438
0 0.751562 0.275000 0.009375 0.031250
0 0.764844 0.281250 0.014062 0.053125
0 0.218750 0.353125 0.012500 0.018750
0 0.209375 0.368750 0.015625 0.025000
0 0.903906 0.710938 0.020312 0.037500
0 0.778906 0.428125 0.014062 0.025000
0 0.014063 0.770312 0.021875 0.028125
0 0.213281 0.368750 0.010937 0.021875
0 0.217188 0.356250 0.012500 0.021875
0 0.920312 0.675000 0.015625 0.025000
0 0.206250 0.358594 0.009375 0.023438
0 0.083594 0.793750 0.026563 0.050000
0 0.784375 0.358594 0.009375 0.020313
0 0.044531 0.762500 0.010938 0.025000
0 0.751563 0.238281 0.012500 0.020313
0 0.778125 0.360156 0.018750 0.023438
0 0.218750 0.349219 0.012500 0.017187
0 0.213281 0.352344 0.023438 0.029687
0 0.009375 0.770312 0.012500 0.025000
0 0.938281 0.740625 0.014062 0.040625
0 0.893750 0.677344 0.025000 0.029687
0 0.926562 0.699219 0.018750 0.048437
0 0.880469 0.759375 0.023438 0.025000
0 0.221094 0.337500 0.010937 0.025000
0 0.758594 0.292187 0.010937 0.025000
0 0.791406 0.439844 0.017188 0.035938
0 0.747656 0.248438 0.010938 0.021875
0 0.785156 0.393750 0.017187 0.043750
0 0.214844 0.364844 0.014062 0.029688
1 0.350781 0.485156 0.023438 0.045312
1 0.928125 0.703906 0.015625 0.039062
1 0.325000 0.525000 0.024219 0.046875
1 0.052344 0.734375 0.014062 0.018750
1 0.882812 0.813281 0.028125 0.051563
1 0.204687 0.389062 0.019531 0.035937
1 0.938281 0.740625 0.014062 0.040625
1 0.894531 0.675781 0.023438 0.026563
1 0.052344 0.733594 0.014062 0.017188
1 0.763281 0.327344 0.012500 0.046094
1 0.914844 0.743750 0.023438 0.034375
1 0.273438 0.374219 0.019531 0.037500
1 0.152344 0.595313 0.023438 0.046875
1 0.920312 0.674219 0.015625 0.023438
1 0.785937 0.393750 0.015625 0.037500
1 0.879687 0.760156 0.021875 0.023438
1 0.752344 0.272656 0.010938 0.026562
1 0.771094 0.336719 0.017188 0.032813
1 0.255469 0.831250 0.032813 0.057031
