0 0.473438 0.929688 0.031250 0.065625
0 0.369531 0.439063 0.010937 0.015625
0 0.328906 0.481250 0.014062 0.025000
0 0.809375 0.607031 0.017188 0.033594
0 0.285938 0.694531 0.014844 0.028125
0 0.070312 0.647656 0.027344 0.037500
0 0.346875 0.460938 0.009375 0.018750
0 0.339062 0.469531 0.009375 0.017188
0 0.360938 0.449219 0.013281 0.021094
0 0.106250 0.627344 0.015625 0.017188
0 0.730469 0.613281 0.020312 0.026563
0 0.350781 0.459375 0.010937 0.018750
0 0.543750 0.791406 0.028125 0.046875
0 0.341406 0.467969 0.010937 0.017188
1 0.164062 0.628125 0.021875 0.034375
1 0.752344 0.509375 0.017188 0.031250
1 0.132031 0.563281 0.020312 0.032813
1 0.903906 0.385937 0.023438 0.015625
1 0.503906 0.567187 0.017187 0.021875
1 0.806250 0.583594 0.018750 0.023438
1 0.307031 0.526563 0.014063 0.025000
1 0.362500 0.508594 0.012500 0.023437
1 0.360938 0.448438 0.012500 0.018750
1 0.722656 0.666406 0.026563 0.039062
1 0.329688 0.482031 0.014844 0.025000
1 0.145313 0.641406 0.021875 0.032813
1 0.511719 0.656250 0.020312 0.037500
1 0.725781 0.637500 0.023438 0.028125
1 0.787500 0.581250 0.018750 0.031250
