0 0.534375 0.771875 0.022656 0.042969
0 0.635938 0.574219 0.010156 0.021094
0 0.621094 0.580469 0.010938 0.020312
0 0.831250 0.623438 0.018750 0.025000
0 0.850000 0.624219 0.016406 0.017969
0 0.489063 0.703906 0.017969 0.033594
0 0.564062 0.396094 0.009375 0.020313
0 0.449219 0.666406 0.004687 0.014062
0 0.661719 0.531250 0.010938 0.012500
0 0.748437 0.614062 0.012500 0.025000
0 0.578906 0.936719 0.029687 0.060937
0 0.457813 0.659375 0.016406 0.028906
0 0.741406 0.619531 0.014062 0.023438
1 0.548438 0.759375 0.018750 0.040625
1 0.731250 0.624219 0.015625 0.023438
1 0.503125 0.695312 0.015625 0.031250
1 0.449219 0.667188 0.004687 0.012500
1 0.628125 0.578906 0.012500 0.017188
1 0.592188 0.573438 0.009375 0.021875
1 0.831250 0.623438 0.015625 0.025000
1 0.474219 0.713281 0.017187 0.032813
1 0.605469 0.965625 0.032812 0.065625
1 0.563281 0.747656 0.020313 0.040625
1 0.621094 0.581250 0.012500 0.021094
1 0.554688 0.910156 0.028125 0.054688
1 0.748438 0.613281 0.009375 0.023438
1 0.673438 0.539844 0.012500 0.017188
