0 0.137500 0.596094 0.021875 0.032813
0 0.347656 0.418750 0.007812 0.015625
0 0.771094 0.403906 0.017188 0.029688
0 0.302344 0.486719 0.014063 0.023438
0 0.337500 0.842187 0.025781 0.037500
0 0.053906 0.603906 0.014062 0.029687
0 0.802344 0.582031 0.017188 0.032812
0 0.342187 0.418750 0.009375 0.015625
0 0.334375 0.428906 0.009375 0.020313
0 0.335938 0.842969 0.025000 0.035938
0 0.735156 0.564844 0.020313 0.029687
0 0.341406 0.423438 0.020313 0.025000
0 0.942187 0.692187 0.021875 0.028125
0 0.328906 0.450781 0.007812 0.026562
0 0.335938 0.425000 0.012500 0.021875
0 0.679688 0.806250 0.025000 0.056250
0 0.322656 0.439063 0.014063 0.025000
0 0.692187 0.264844 0.028125 0.039062
0 0.642188 0.378906 0.012500 0.023438
0 0.800000 0.558594 0.018750 0.023438
0 0.718750 0.694531 0.009375 0.010937
0 0.325781 0.871875 0.020313 0.028125
1 0.721094 0.632031 0.023438 0.035938
1 0.800000 0.559375 0.018750 0.021875
1 0.067187 0.593750 0.025000 0.037500
1 0.137500 0.596875 0.021875 0.031250
1 0.323438 0.440625 0.012500 0.025000
1 0.156250 0.582812 0.021875 0.034375
1 0.720313 0.669531 0.018750 0.039062
1 0.710156 0.721875 0.021875 0.048438
1 0.654687 0.369531 0.012500 0.020313
1 0.781250 0.554688 0.018750 0.031250
1 0.725781 0.595313 0.026562 0.043750
1 0.692969 0.265625 0.026563 0.037500
1 0.301563 0.486719 0.014844 0.026562
1 0.336719 0.310937 0.010937 0.012500
