0 0.644531 0.695312 0.023438 0.040625
0 0.312500 0.582812 0.018750 0.031250
0 0.705469 0.630469 0.020312 0.035937
0 0.122656 0.631250 0.023438 0.034375
0 0.196875 0.591406 0.018750 0.032813
0 0.417969 0.499219 0.010938 0.023438
0 0.564844 0.777344 0.026563 0.051562
0 0.368750 0.537500 0.012500 0.025000
1 0.295312 0.571094 0.017969 0.030469
1 0.685156 0.620313 0.020312 0.034375
1 0.360156 0.533594 0.012500 0.025000
1 0.589063 0.797656 0.028125 0.051563
1 0.178906 0.602344 0.020312 0.029687
1 0.435937 0.507812 0.014063 0.026562
1 0.378906 0.544531 0.014062 0.026563
1 0.302344 0.577344 0.017187 0.029687
1 0.664844 0.612500 0.020313 0.034375
1 0.623438 0.682031 0.021875 0.042188
1 0.428125 0.503125 0.009375 0.025000
1 0.667969 0.707812 0.023438 0.043750
1 0.613281 0.823438 0.029688 0.056250
