0 0.615625 0.713281 0.024219 0.042969
0 0.085938 0.627344 0.025000 0.035937
0 0.676562 0.653125 0.018750 0.037500
0 0.345313 0.544531 0.014844 0.028125
0 0.285937 0.588281 0.018750 0.029687
0 0.164844 0.590625 0.020312 0.031250
0 0.396094 0.508594 0.010937 0.023437
0 0.195312 0.677344 0.015625 0.017188
0 0.377344 0.835938 0.017187 0.028125
0 0.536719 0.791406 0.026563 0.051562
0 0.213281 0.667969 0.017187 0.026563
1 0.266406 0.572656 0.014062 0.026563
1 0.335938 0.539062 0.012500 0.028125
1 0.541406 0.641406 0.010938 0.026562
1 0.146094 0.600000 0.020313 0.031250
1 0.414062 0.517187 0.012500 0.025000
1 0.353906 0.551562 0.014063 0.028125
1 0.274219 0.578906 0.017188 0.029687
1 0.656250 0.642188 0.021094 0.037500
1 0.405469 0.514844 0.010937 0.026562
1 0.569531 0.467969 0.010937 0.020313
1 0.639062 0.726562 0.025000 0.044531
1 0.595313 0.699219 0.022656 0.042969
1 0.583594 0.836719 0.029687 0.054688
1 0.500000 0.465625 0.028125 0.056250
1 0.635938 0.632812 0.018750 0.034375
1 0.560156 0.810938 0.026563 0.053125
