0 0.208594 0.367969 0.007812 0.017188
0 0.760156 0.250000 0.010938 0.021875
0 0.892188 0.677344 0.028125 0.029687
0 0.763281 0.306250 0.014062 0.037500
0 0.746875 0.251563 0.009375 0.025000
0 0.214844 0.366406 0.010937 0.029687
0 0.210938 0.367188 0.012500 0.025000
0 0.903906 0.710938 0.020312 0.037500
0 0.754687 0.279687 0.009375 0.028125
0 0.225000 0.337500 0.006250 0.021875
0 0.210938 0.337500 0.012500 0.025000
0 0.017969 0.779687 0.020313 0.031250
0 0.220313 0.354688 0.009375 0.018750
0 0.216406 0.369531 0.007812 0.017187
0 0.217969 0.346875 0.017187 0.025000
0 0.217969 0.350781 0.014063 0.020313
0 0.745313 0.236719 0.009375 0.023438
0 0.083594 0.790625 0.026563 0.046875
0 0.749219 0.228125 0.014062 0.025000
0 0.204687 0.386719 0.018750 0.039062
0 0.749219 0.257031 0.010937 0.023438
0 0.222656 0.336719 0.010937 0.023438
0 0.215625 0.333594 0.019531 0.021875
0 0.211719 0.482813 0.014063 0.040625
0 0.938281 0.740625 0.014062 0.040625
0 0.775781 0.365625 0.010938 0.025000
0 0.787500 0.360938 0.009375 0.025000
0 0.759375 0.275000 0.015625 0.028125
0 0.927344 0.701563 0.017188 0.040625
0 0.049219 0.771094 0.017188 0.032813
0 0.785937 0.389062 0.015625 0.037500
0 0.221875 0.335938 0.012500 0.025000
0 0.753125 0.279687 0.009375 0.037500
0 0.785937 0.378906 0.015625 0.020312
0 0.773438 0.339844 0.015625 0.029687
0 0.216406 0.362500 0.014063 0.034375
0 0.742969 0.228906 0.007812 0.017187
1 0.928125 0.700781 0.017188 0.037500
1 0.254688 0.831250 0.031250 0.056250
1 0.750000 0.257031 0.009375 0.020313
1 0.204687 0.387500 0.018750 0.037500
1 0.048438 0.771094 0.015625 0.032813
1 0.904688 0.709375 0.021875 0.040625
1 0.882031 0.813281 0.026562 0.051563
1 0.893750 0.677344 0.026562 0.028906
1 0.760938 0.251563 0.012500 0.021875
1 0.211719 0.482031 0.014063 0.039062
1 0.148438 0.586719 0.021875 0.048438
1 0.776563 0.364844 0.009375 0.023438
1 0.772656 0.314844 0.014062 0.026562
1 0.272656 0.373437 0.017188 0.037500
1 0.921094 0.673437 0.014062 0.021875
1 0.914844 0.744531 0.023438 0.035937
1 0.761719 0.578906 0.023438 0.048438
1 0.880469 0.759375 0.020312 0.021875
1 0.762500 0.300781 0.012500 0.026563
1 0.787500 0.360938 0.011719 0.021875
1 0.938281 0.739844 0.014062 0.039062
