0 0.767188 0.326562 0.015625 0.021875
0 0.906250 0.712500 0.021094 0.035937
0 0.008594 0.732031 0.017188 0.045312
0 0.929688 0.709375 0.016406 0.033594
0 0.282813 0.043750 0.015625 0.028125
0 0.761719 0.277344 0.010938 0.029687
0 0.089063 0.787500 0.025000 0.040625
0 0.764844 0.318750 0.014062 0.031250
0 0.891406 0.678906 0.028125 0.033594
0 0.772656 0.340625 0.017188 0.031250
0 0.283594 0.035937 0.017187 0.040625
0 0.039062 0.805469 0.025000 0.042187
0 0.937500 0.742188 0.015625 0.034375
0 0.777344 0.367969 0.017187 0.032813
0 0.757031 0.275781 0.017188 0.026562
0 0.785937 0.390625 0.018750 0.037500
0 0.752344 0.275781 0.007812 0.026562
0 0.748437 0.252344 0.012500 0.026562
1 0.254688 0.833594 0.031250 0.051562
1 0.764062 0.318750 0.012500 0.025000
1 0.220312 0.301562 0.012500 0.028125
1 0.215625 0.363281 0.012500 0.029687
1 0.232813 0.287500 0.015625 0.028125
1 0.879687 0.760156 0.024219 0.023438
1 0.038281 0.805469 0.023438 0.042187
1 0.221875 0.338281 0.012500 0.032812
1 0.938281 0.742188 0.014062 0.034375
1 0.747656 0.254688 0.010938 0.025000
1 0.204687 0.387500 0.018750 0.037500
1 0.200000 0.742969 0.025000 0.054688
1 0.882031 0.814844 0.028125 0.057031
1 0.891406 0.676562 0.026562 0.028125
1 0.783594 0.362500 0.007812 0.018750
1 0.202344 0.515625 0.020312 0.040625
1 0.761719 0.580469 0.023438 0.048438
1 0.773438 0.367969 0.009375 0.026562
1 0.920312 0.678125 0.016406 0.028906
1 0.914844 0.742969 0.020313 0.035938
1 0.273438 0.374219 0.019531 0.037500
1 0.759375 0.297656 0.011719 0.023438
1 0.771875 0.308594 0.012500 0.032813
1 0.777344 0.365625 0.017187 0.025000
