0 0.989844 0.239844 0.017188 0.017187
0 0.926562 0.655469 0.068750 0.042187
0 0.035937 0.825000 0.071875 0.050000
0 0.450000 0.409375 0.031250 0.012500
0 0.653906 0.359375 0.035937 0.018750
1 0.070312 0.498438 0.043750 0.025000
1 0.616406 0.651563 0.070312 0.040625
1 0.786719 0.428125 0.035937 0.021875
1 0.275781 0.860938 0.095312 0.043750
1 0.558594 0.444531 0.035937 0.023438
1 0.418750 0.415625 0.028125 0.015625
1 0.016406 0.887500 0.032813 0.021875
1 0.738281 0.321875 0.032812 0.018750
1 0.289062 0.456250 0.028125 0.021875
1 0.081250 0.886719 0.103125 0.045313
1 0.026562 0.950781 0.053125 0.035937
1 0.369531 0.890625 0.089062 0.031250
1 0.468750 0.883594 0.093750 0.035938
1 0.121094 0.933594 0.098438 0.032812
