0 0.592969 0.571094 0.017188 0.029687
0 0.007031 0.975000 0.014063 0.046875
0 0.303125 0.521875 0.015625 0.021875
0 0.311719 0.557031 0.020313 0.035937
0 0.271875 0.611719 0.021875 0.039062
0 0.352344 0.526563 0.020313 0.028125
0 0.614062 0.578125 0.018750 0.037500
1 0.132031 0.585938 0.022656 0.029687
1 0.398438 0.597656 0.018750 0.035937
1 0.139063 0.766406 0.031250 0.054688
1 0.871094 0.967187 0.039062 0.062500
1 0.002344 0.852344 0.004687 0.029687
1 0.332031 0.534375 0.017188 0.018750
1 0.176563 0.813281 0.034375 0.060937
1 0.600000 0.598437 0.021875 0.036719
1 0.007812 0.787500 0.015625 0.056250
1 0.381250 0.626563 0.021875 0.043750
1 0.325781 0.496094 0.010937 0.014063
1 0.332031 0.726562 0.026563 0.053125
1 0.271875 0.610937 0.021875 0.037500
