0 0.860156 0.653906 0.070312 0.042188
0 0.304688 0.446094 0.021875 0.007812
0 0.241406 0.454688 0.039062 0.021875
0 0.982031 0.696875 0.032813 0.031250
0 0.390625 0.408594 0.034375 0.014063
1 0.722656 0.427344 0.035937 0.020313
1 0.304688 0.893750 0.084375 0.040625
1 0.067969 0.472656 0.042188 0.023438
1 0.032031 0.887500 0.064062 0.034375
1 0.177344 0.457031 0.042187 0.023438
1 0.088281 0.464062 0.039062 0.021875
1 0.982812 0.699219 0.031250 0.026563
1 0.404687 0.874219 0.096875 0.060937
1 0.050781 0.939844 0.101562 0.032813
1 0.425000 0.400781 0.031250 0.014063
1 0.133594 0.464062 0.042188 0.021875
1 0.209375 0.865625 0.096875 0.043750
1 0.357812 0.417969 0.031250 0.017188
1 0.552344 0.651563 0.067187 0.040625
1 0.457031 0.393750 0.039062 0.015625
