0 0.352344 0.463281 0.010937 0.023438
0 0.361719 0.452344 0.020313 0.026562
0 0.323438 0.485156 0.018750 0.035938
0 0.342969 0.467187 0.017188 0.028125
0 0.841406 0.699219 0.032813 0.057813
0 0.021094 0.925781 0.042188 0.076563
0 0.328125 0.468750 0.012500 0.018750
0 0.382031 0.437500 0.020313 0.028125
0 0.480469 0.334375 0.017188 0.031250
0 0.313281 0.450781 0.017188 0.020313
1 0.200781 0.817969 0.035938 0.064063
1 0.010937 0.638281 0.021875 0.048438
1 0.382031 0.438281 0.020313 0.026562
1 0.801562 0.956250 0.028125 0.081250
1 0.322656 0.489063 0.020313 0.040625
1 0.024219 0.701563 0.032813 0.037500
1 0.143750 0.523438 0.021875 0.025000
1 0.888281 0.862500 0.039062 0.062500
1 0.325781 0.482812 0.014063 0.028125
1 0.317188 0.491406 0.009375 0.032813
1 0.664844 0.526563 0.020313 0.040625
1 0.854688 0.982812 0.037500 0.031250
1 0.020313 0.733594 0.034375 0.057812
1 0.014063 0.796875 0.028125 0.065625
1 0.400781 0.424219 0.020313 0.026562
1 0.187500 0.580469 0.025000 0.045312
1 0.335938 0.432031 0.018750 0.026562
