0 0.925781 0.665625 0.070312 0.040625
0 0.033594 0.835156 0.067187 0.051563
0 0.364844 0.456250 0.035938 0.021875
1 0.790625 0.437500 0.037500 0.021875
1 0.011719 0.895312 0.023438 0.021875
1 0.269531 0.870313 0.095313 0.043750
1 0.428906 0.425781 0.026562 0.017188
1 0.075000 0.896094 0.103125 0.045312
1 0.614844 0.660937 0.067187 0.040625
1 0.197656 0.471094 0.039062 0.023438
1 0.025781 0.958594 0.051562 0.035937
1 0.462500 0.882812 0.093750 0.062500
1 0.363281 0.901563 0.082812 0.034375
1 0.111719 0.942969 0.098438 0.035937
