0 0.890625 0.646875 0.071875 0.040625
0 0.120313 0.313281 0.018750 0.007812
0 0.019531 0.825000 0.039062 0.050000
0 0.554688 0.370312 0.037500 0.015625
1 0.747656 0.421094 0.035937 0.020313
1 0.582031 0.645312 0.067187 0.040625
1 0.049219 0.885156 0.098437 0.048438
1 0.013281 0.942969 0.026562 0.032813
1 0.367188 0.414844 0.034375 0.014062
1 0.437500 0.865625 0.093750 0.062500
1 0.086719 0.931250 0.098437 0.034375
1 0.244531 0.857031 0.095312 0.042188
1 0.439844 0.397656 0.035938 0.017188
1 0.403906 0.407031 0.035938 0.017188
1 0.520312 0.370312 0.031250 0.015625
1 0.521875 0.438281 0.037500 0.020313
1 0.338281 0.884375 0.082813 0.034375
1 0.499219 0.383594 0.035938 0.017188
