0 0.314063 0.444531 0.018750 0.023438
0 0.323437 0.479688 0.021875 0.034375
0 0.757812 0.561719 0.025000 0.045312
0 0.312500 0.455469 0.015625 0.020313
0 0.020313 0.917188 0.040625 0.075000
0 0.361719 0.447656 0.020313 0.029688
0 0.350781 0.457812 0.014062 0.018750
0 0.356250 0.457031 0.009375 0.017188
0 0.342187 0.462500 0.015625 0.028125
1 0.010156 0.626563 0.020313 0.046875
1 0.793750 0.974219 0.043750 0.048438
1 0.322656 0.478906 0.020313 0.032812
1 0.022656 0.691406 0.035938 0.035937
1 0.143750 0.516406 0.021875 0.023438
1 0.885938 0.864062 0.037500 0.062500
1 0.013281 0.785937 0.026562 0.062500
1 0.198437 0.810937 0.037500 0.065625
1 0.382031 0.434375 0.020313 0.028125
1 0.208594 0.692969 0.029688 0.054688
1 0.853125 0.983594 0.037500 0.029687
1 0.019531 0.723437 0.032812 0.059375
1 0.346875 0.646094 0.028125 0.051562
1 0.401563 0.420312 0.018750 0.025000
1 0.664844 0.524219 0.020313 0.039062
1 0.185937 0.573438 0.025000 0.043750
1 0.338281 0.428125 0.020313 0.028125
