0 0.006250 0.716406 0.012500 0.051562
0 0.320312 0.432031 0.018750 0.017187
0 0.923438 0.819531 0.015625 0.023438
0 0.028906 0.907031 0.045312 0.076562
0 0.104687 0.596875 0.012500 0.015625
0 0.549219 0.090625 0.020312 0.040625
0 0.214844 0.550000 0.020313 0.043750
1 0.028906 0.714063 0.032812 0.056250
1 0.207031 0.800000 0.035938 0.062500
1 0.014844 0.621875 0.029687 0.046875
1 0.276563 0.528906 0.012500 0.017188
1 0.865625 0.971875 0.056250 0.053125
1 0.892187 0.835938 0.040625 0.068750
1 0.032813 0.684375 0.034375 0.037500
1 0.207813 0.600781 0.025000 0.048438
1 0.150781 0.507031 0.020313 0.023438
1 0.017969 0.777344 0.035937 0.060938
1 0.253906 0.539062 0.020312 0.040625
1 0.237500 0.549219 0.024219 0.043750
1 0.670313 0.504687 0.021875 0.040625
1 0.167969 0.571875 0.026562 0.043750
1 0.801562 0.939844 0.034375 0.082812
1 0.197656 0.562500 0.024219 0.041406
