0 0.919531 0.669531 0.070312 0.042188
0 0.028906 0.832031 0.057813 0.051562
0 0.365625 0.453906 0.021875 0.007812
0 0.298438 0.462500 0.037500 0.021875
1 0.785156 0.439844 0.035937 0.020313
1 0.007031 0.894531 0.014063 0.023438
1 0.063281 0.893750 0.104688 0.043750
1 0.260937 0.870313 0.096875 0.043750
1 0.007031 0.857813 0.014063 0.009375
1 0.103906 0.942187 0.098438 0.034375
1 0.608594 0.662500 0.067188 0.040625
1 0.187500 0.471094 0.040625 0.023438
1 0.021094 0.954688 0.042188 0.031250
1 0.453906 0.896875 0.095313 0.037500
1 0.356250 0.900781 0.081250 0.032813
1 0.419531 0.431250 0.039062 0.025000
