0 0.942187 0.656250 0.071875 0.040625
0 0.042969 0.826562 0.085938 0.050000
1 0.802344 0.428125 0.035937 0.021875
1 0.572656 0.445312 0.035937 0.021875
1 0.017188 0.525000 0.034375 0.028125
1 0.631250 0.651563 0.068750 0.040625
1 0.020313 0.890625 0.040625 0.025000
1 0.005469 0.489063 0.010937 0.021875
1 0.484375 0.884375 0.096875 0.034375
1 0.035156 0.953125 0.070312 0.037500
1 0.134375 0.933594 0.096875 0.032812
1 0.290625 0.862500 0.096875 0.043750
1 0.095312 0.888281 0.103125 0.045312
1 0.237500 0.460938 0.040625 0.021875
1 0.385156 0.892188 0.082813 0.031250
1 0.572656 0.384375 0.032813 0.015625
