0 0.424219 0.411719 0.020313 0.029688
0 0.004687 0.728906 0.009375 0.048438
0 0.022656 0.918750 0.045312 0.075000
0 0.318750 0.448437 0.015625 0.015625
0 0.319531 0.452344 0.017188 0.023438
0 0.358594 0.459375 0.020313 0.028125
1 0.012500 0.629687 0.025000 0.046875
1 0.480469 0.328125 0.017188 0.025000
1 0.860156 0.988281 0.035938 0.020312
1 0.892969 0.869531 0.042188 0.070312
1 0.029687 0.695312 0.034375 0.037500
1 0.150781 0.520312 0.020313 0.025000
1 0.003125 0.630469 0.006250 0.039062
1 0.016406 0.789062 0.032813 0.062500
1 0.204688 0.815625 0.037500 0.065625
1 0.214062 0.696875 0.031250 0.056250
1 0.330469 0.483594 0.020313 0.035938
1 0.670313 0.531250 0.021875 0.040625
1 0.027344 0.725781 0.032812 0.060937
1 0.808594 0.990625 0.026563 0.015625
1 0.352344 0.650000 0.026562 0.053125
1 0.508594 0.296094 0.020313 0.039062
1 0.483594 0.331250 0.023438 0.034375
1 0.205469 0.571875 0.023438 0.043750
