0 0.895312 0.646875 0.068750 0.040625
0 0.128125 0.314063 0.021875 0.006250
0 0.021094 0.825000 0.042188 0.050000
0 0.424219 0.403125 0.035938 0.015625
1 0.754687 0.422656 0.037500 0.020313
1 0.527344 0.439844 0.035937 0.020313
1 0.586719 0.646094 0.067188 0.039062
1 0.051562 0.885156 0.103125 0.045312
1 0.016406 0.946875 0.032813 0.031250
1 0.442187 0.877344 0.096875 0.039062
1 0.092188 0.931250 0.096875 0.034375
1 0.364844 0.418750 0.023438 0.012500
1 0.247656 0.858594 0.098438 0.042187
1 0.394531 0.411719 0.026563 0.017187
1 0.344531 0.883594 0.082813 0.035938
