0 0.012500 0.545312 0.025000 0.050000
0 0.339062 0.342969 0.015625 0.017188
0 0.085156 0.517188 0.029688 0.043750
0 0.014844 0.523438 0.029687 0.037500
0 0.939844 0.755469 0.020312 0.026563
0 0.050000 0.797656 0.043750 0.073437
0 0.007031 0.576563 0.014063 0.037500
0 0.011719 0.637500 0.023438 0.059375
0 0.465625 0.286719 0.018750 0.035938
0 0.478906 0.278125 0.007812 0.018750
0 0.096094 0.553125 0.029687 0.053125
1 0.224219 0.702344 0.035938 0.064063
1 0.012500 0.546094 0.025000 0.048438
1 0.871094 0.911719 0.042188 0.070312
1 0.689844 0.432031 0.020312 0.039062
1 0.908594 0.771094 0.039062 0.067187
1 0.007812 0.578125 0.015625 0.037500
1 0.569531 0.508594 0.023438 0.048438
1 0.325781 0.414844 0.020313 0.035938
1 0.264062 0.628125 0.031250 0.059375
1 0.064844 0.610156 0.035937 0.054688
1 0.085156 0.517969 0.029688 0.042187
1 0.053125 0.589063 0.031250 0.046875
1 0.017969 0.600781 0.035937 0.054688
1 0.814844 0.869531 0.035937 0.085938
1 0.171094 0.410938 0.020312 0.021875
1 0.442969 0.309375 0.020313 0.028125
1 0.039844 0.673438 0.039062 0.062500
