0 0.870313 0.644531 0.068750 0.042188
0 0.101562 0.310156 0.018750 0.007812
0 0.310156 0.439844 0.020313 0.007812
0 0.008594 0.822656 0.017188 0.039062
0 0.688281 0.308594 0.039062 0.020312
0 0.395313 0.400781 0.031250 0.014063
1 0.729688 0.418750 0.037500 0.021875
1 0.533594 0.372656 0.023438 0.007812
1 0.503906 0.437500 0.035937 0.021875
1 0.039062 0.884375 0.078125 0.046875
1 0.986719 0.689063 0.023438 0.028125
1 0.419531 0.875781 0.095312 0.039062
1 0.064063 0.930469 0.103125 0.035938
1 0.428906 0.393750 0.035938 0.015625
1 0.317969 0.884375 0.085938 0.034375
1 0.224219 0.855469 0.098438 0.045313
1 0.563281 0.642187 0.067188 0.040625
1 0.460938 0.385937 0.034375 0.015625
1 0.504687 0.375781 0.034375 0.014062
