0 0.004687 0.657031 0.009375 0.042187
0 0.517969 0.539844 0.023438 0.026562
0 0.033594 0.933594 0.045313 0.076563
0 0.328906 0.470313 0.017188 0.025000
0 0.525000 0.235937 0.026562 0.048438
0 0.003906 0.701562 0.007812 0.018750
0 0.010156 0.738281 0.020313 0.054688
0 0.600000 0.510938 0.018750 0.034375
0 0.641406 0.513281 0.022656 0.036719
1 0.779687 0.760156 0.031250 0.060937
1 0.424219 0.539062 0.020313 0.039844
1 0.678125 0.553906 0.021875 0.039062
1 0.003906 0.702344 0.007812 0.017188
1 0.277344 0.575000 0.026563 0.040625
1 0.447656 0.546875 0.020313 0.037500
1 0.351562 0.447656 0.015625 0.023438
1 0.161719 0.535156 0.020313 0.023438
1 0.903125 0.900000 0.040625 0.062500
1 0.197656 0.591406 0.023438 0.042188
1 0.223438 0.714063 0.031250 0.056250
1 0.040625 0.711719 0.034375 0.039062
1 0.035937 0.740625 0.034375 0.056250
1 0.360156 0.668750 0.026562 0.050000
1 0.516406 0.342969 0.026562 0.064063
1 0.025000 0.803906 0.037500 0.060937
1 0.212500 0.832812 0.037500 0.065625
