0 0.009375 0.703906 0.018750 0.054688
0 0.929688 0.804688 0.018750 0.028125
0 0.037500 0.890625 0.043750 0.075000
0 0.335156 0.453125 0.020313 0.028125
0 0.042969 0.607812 0.026563 0.046875
0 0.816406 0.993750 0.029688 0.009375
0 0.420312 0.529687 0.006250 0.012500
0 0.428906 0.378906 0.017188 0.029687
0 0.324219 0.422656 0.017188 0.020313
1 0.014063 0.610156 0.028125 0.045312
1 0.864844 0.964063 0.045312 0.068750
1 0.898438 0.821875 0.040625 0.068750
1 0.213281 0.785937 0.035938 0.065625
1 0.376563 0.418750 0.018750 0.028125
1 0.157813 0.493750 0.021875 0.025000
1 0.007031 0.653125 0.014063 0.043750
1 0.025781 0.763281 0.035937 0.060937
1 0.144531 0.713281 0.032813 0.060937
1 0.036719 0.701563 0.032812 0.056250
1 0.675000 0.491406 0.021875 0.039063
1 0.041406 0.670313 0.029688 0.037500
1 0.350781 0.553125 0.023438 0.028125
1 0.807031 0.925000 0.035937 0.084375
