0 0.007031 0.701563 0.014063 0.053125
0 0.925781 0.801562 0.020312 0.028125
0 0.032031 0.889844 0.045312 0.073437
0 0.037500 0.607031 0.028125 0.045312
0 0.369531 0.421094 0.020313 0.026562
0 0.319531 0.416406 0.017188 0.017187
1 0.010937 0.609375 0.021875 0.046875
1 0.867188 0.962500 0.056250 0.068750
1 0.893750 0.819531 0.040625 0.067188
1 0.209375 0.783594 0.037500 0.064063
1 0.153125 0.492188 0.021875 0.025000
1 0.019531 0.761719 0.039062 0.060938
1 0.351562 0.432812 0.018750 0.025000
1 0.189062 0.742969 0.034375 0.060937
1 0.708594 0.526563 0.023438 0.043750
1 0.035156 0.667188 0.032812 0.034375
1 0.032031 0.699219 0.032813 0.057813
1 0.803125 0.922656 0.034375 0.082813
1 0.502344 0.279687 0.020312 0.034375
1 0.514062 0.259375 0.012500 0.034375
1 0.671094 0.489063 0.020313 0.040625
