0 0.334375 0.204687 0.015625 0.018750
0 0.005469 0.525000 0.010937 0.056250
0 0.936719 0.651563 0.023438 0.028125
0 0.042187 0.646875 0.043750 0.071875
0 0.044531 0.360938 0.029687 0.046875
0 0.344531 0.417188 0.026562 0.050000
0 0.363281 0.225781 0.020312 0.029688
1 0.012500 0.389062 0.025000 0.053125
1 0.342969 0.247656 0.023438 0.043750
1 0.865625 0.798437 0.043750 0.068750
1 0.903906 0.664844 0.042188 0.070312
1 0.007031 0.440625 0.014063 0.053125
1 0.218750 0.560937 0.034375 0.065625
1 0.258594 0.488281 0.032813 0.057813
1 0.030469 0.520312 0.035937 0.059375
1 0.226562 0.336719 0.025000 0.045312
1 0.100781 0.448437 0.032812 0.056250
1 0.169531 0.331250 0.026562 0.043750
1 0.045312 0.438281 0.031250 0.054688
1 0.023438 0.459375 0.034375 0.059375
1 0.163281 0.262500 0.020312 0.025000
1 0.690625 0.314844 0.021875 0.042187
1 0.808594 0.757031 0.035937 0.082813
1 0.735156 0.340625 0.023438 0.043750
