0 0.003906 0.689844 0.007812 0.048438
0 0.009375 0.585938 0.018750 0.025000
0 0.916406 0.793750 0.020312 0.028125
0 0.025781 0.876563 0.045312 0.075000
0 0.047656 0.582031 0.029687 0.045313
0 0.316406 0.407031 0.017188 0.014062
0 0.014063 0.621875 0.028125 0.050000
1 0.666406 0.482031 0.020312 0.039062
1 0.850781 0.953125 0.042187 0.071875
1 0.885156 0.812500 0.039062 0.068750
1 0.147656 0.479687 0.020312 0.025000
1 0.009375 0.587500 0.018750 0.025000
1 0.016406 0.750781 0.032813 0.060937
1 0.242969 0.694531 0.032813 0.057812
1 0.203906 0.771875 0.035937 0.062500
1 0.029687 0.655469 0.031250 0.035938
1 0.026562 0.686719 0.034375 0.057812
1 0.322656 0.450781 0.020313 0.042187
1 0.589844 0.566406 0.023438 0.048437
1 0.795312 0.914062 0.034375 0.084375
