0 0.012500 0.607031 0.025000 0.048438
0 0.040625 0.604688 0.028125 0.046875
0 0.008594 0.699219 0.017188 0.051562
0 0.925000 0.803125 0.018750 0.028125
0 0.033594 0.886719 0.045313 0.073438
0 0.328906 0.454688 0.017188 0.037500
0 0.367969 0.421094 0.020313 0.032813
0 0.321094 0.415625 0.017188 0.021875
1 0.033594 0.696094 0.032813 0.057812
1 0.012500 0.606250 0.025000 0.046875
1 0.865625 0.962500 0.056250 0.065625
1 0.003125 0.667969 0.006250 0.010938
1 0.210938 0.781250 0.034375 0.065625
1 0.154687 0.489844 0.021875 0.023438
1 0.892969 0.819531 0.039062 0.067188
1 0.022656 0.759375 0.035938 0.062500
1 0.400781 0.396875 0.020313 0.028125
1 0.221875 0.727344 0.034375 0.057812
1 0.773438 0.528906 0.025000 0.045312
1 0.347656 0.437500 0.020312 0.028125
1 0.036719 0.666406 0.032812 0.035937
1 0.803125 0.922656 0.034375 0.082813
1 0.439844 0.365625 0.020313 0.031250
1 0.673437 0.490625 0.021875 0.037500
