0 0.862500 0.646875 0.068750 0.040625
0 0.003906 0.821875 0.007812 0.025000
0 0.307031 0.438281 0.020313 0.007812
0 0.982812 0.690625 0.031250 0.028125
0 0.393750 0.400781 0.033594 0.016406
0 0.054688 0.928906 0.100000 0.035938
1 0.499219 0.437500 0.035938 0.021875
1 0.032813 0.876563 0.065625 0.031250
1 0.983594 0.691406 0.029687 0.026563
1 0.309375 0.882812 0.084375 0.037500
1 0.407813 0.877344 0.093750 0.035937
1 0.054688 0.928906 0.100000 0.032813
1 0.362500 0.410937 0.031250 0.018750
1 0.211719 0.855469 0.098437 0.045313
1 0.428906 0.393750 0.035938 0.015625
1 0.793750 0.242969 0.040625 0.026562
1 0.828906 0.250000 0.032813 0.012500
1 0.556250 0.642969 0.065625 0.039062
1 0.460938 0.385937 0.034375 0.015625
