0 0.991406 0.257812 0.014062 0.015625
0 0.922656 0.671875 0.070312 0.040625
0 0.167969 0.328906 0.017188 0.007812
0 0.032031 0.838281 0.064062 0.051562
0 0.368750 0.458594 0.018750 0.007812
0 0.752344 0.354687 0.042188 0.025000
0 0.335938 0.462500 0.037500 0.021875
1 0.611719 0.665625 0.067187 0.040625
1 0.010937 0.900000 0.021875 0.021875
1 0.265625 0.875000 0.096875 0.043750
1 0.558594 0.457813 0.035937 0.021875
1 0.459375 0.895312 0.096875 0.046875
1 0.187500 0.475781 0.040625 0.023438
1 0.070312 0.899219 0.103125 0.042187
1 0.024219 0.944531 0.048438 0.064063
1 0.748438 0.426563 0.037500 0.025000
1 0.427344 0.430469 0.029688 0.017188
1 0.360156 0.903906 0.085938 0.039062
1 0.788281 0.442969 0.032813 0.023438
1 0.109375 0.946094 0.096875 0.032813
