0 0.353125 0.465625 0.009375 0.018750
0 0.363281 0.455469 0.020312 0.029688
0 0.325781 0.483594 0.017187 0.029687
0 0.002344 0.732812 0.004687 0.034375
0 0.346094 0.467969 0.020313 0.029687
0 0.816406 0.653125 0.029688 0.053125
0 0.021875 0.926562 0.043750 0.075000
0 0.316406 0.450000 0.017188 0.015625
0 0.517187 0.314063 0.025000 0.059375
0 0.342187 0.467969 0.015625 0.029687
1 0.010937 0.638281 0.021875 0.048438
1 0.395313 0.435937 0.009375 0.015625
1 0.805469 0.952344 0.026562 0.079688
1 0.325000 0.483594 0.015625 0.029687
1 0.025000 0.700781 0.034375 0.035937
1 0.535937 0.479688 0.028125 0.059375
1 0.146094 0.523438 0.020313 0.025000
1 0.887500 0.861719 0.040625 0.070312
1 0.014844 0.796094 0.029687 0.064063
1 0.201562 0.819531 0.037500 0.064063
1 0.382812 0.440625 0.018750 0.028125
1 0.317188 0.487500 0.009375 0.018750
1 0.854688 0.985156 0.037500 0.026562
1 0.021875 0.734375 0.034375 0.056250
1 0.402344 0.425000 0.017188 0.025000
1 0.665625 0.528125 0.021875 0.040625
1 0.188281 0.582031 0.026563 0.045313
1 0.337500 0.430469 0.018750 0.023438
