0 0.942187 0.654688 0.071875 0.040625
0 0.044531 0.825000 0.089063 0.050000
1 0.800781 0.427344 0.039062 0.020313
1 0.571875 0.443750 0.034375 0.021875
1 0.030469 0.514844 0.048438 0.026562
1 0.631250 0.651563 0.068750 0.040625
1 0.021094 0.889063 0.042188 0.025000
1 0.005469 0.488281 0.010937 0.020312
1 0.482812 0.884375 0.093750 0.034375
1 0.035937 0.951563 0.071875 0.037500
1 0.134375 0.933594 0.100000 0.032812
1 0.290625 0.860938 0.096875 0.043750
1 0.096094 0.886719 0.104688 0.045313
1 0.257031 0.456250 0.039062 0.021875
1 0.384375 0.890625 0.087500 0.031250
1 0.509375 0.399219 0.034375 0.014062
1 0.694531 0.349219 0.032813 0.020313
