0 0.878906 0.274219 0.035937 0.017188
0 0.918750 0.671875 0.068750 0.040625
0 0.028906 0.836719 0.057813 0.051563
0 0.365625 0.458594 0.021875 0.007812
0 0.310156 0.464844 0.035938 0.020312
1 0.607031 0.665625 0.067187 0.040625
1 0.785156 0.442188 0.035937 0.021875
1 0.005469 0.900000 0.010937 0.021875
1 0.062500 0.898438 0.106250 0.043750
1 0.260156 0.874219 0.098438 0.045312
1 0.555469 0.457813 0.035938 0.021875
1 0.851562 0.257812 0.040625 0.025000
1 0.017969 0.960156 0.035937 0.029687
1 0.453125 0.899219 0.096875 0.035938
1 0.103125 0.944531 0.096875 0.032813
1 0.186719 0.475000 0.042188 0.021875
1 0.419531 0.432031 0.039062 0.023438
1 0.353906 0.906250 0.085938 0.034375
