0 0.331250 0.473438 0.021875 0.040625
0 0.007031 0.724219 0.014063 0.054688
0 0.906250 0.764844 0.037500 0.067188
0 0.408594 0.416406 0.020313 0.029688
0 0.002344 0.639844 0.004687 0.020313
0 0.032813 0.913281 0.043750 0.073437
0 0.326562 0.448437 0.021875 0.031250
0 0.350781 0.462500 0.020313 0.031250
0 0.325781 0.480469 0.014063 0.026563
0 0.324219 0.442969 0.017188 0.023438
1 0.032813 0.722656 0.034375 0.057813
1 0.019531 0.627344 0.029688 0.045312
1 0.864844 0.978906 0.045312 0.039062
1 0.210156 0.807031 0.035937 0.064063
1 0.154687 0.515625 0.021875 0.025000
1 0.898438 0.853906 0.040625 0.064063
1 0.021875 0.784375 0.037500 0.062500
1 0.369531 0.445312 0.020313 0.028125
1 0.673437 0.517188 0.021875 0.040625
1 0.035937 0.690625 0.034375 0.034375
1 0.389844 0.431250 0.017188 0.028125
1 0.807813 0.956250 0.031250 0.084375
1 0.426562 0.402344 0.018750 0.029687
1 0.472656 0.361719 0.017188 0.032812
1 0.197656 0.571875 0.023438 0.043750
