0 0.380469 0.424219 0.020313 0.029688
0 0.323438 0.424219 0.018750 0.017187
0 0.003125 0.622656 0.006250 0.035937
0 0.929688 0.811719 0.018750 0.026562
0 0.036719 0.897656 0.045312 0.073437
0 0.004687 0.675781 0.009375 0.014063
0 0.009375 0.710156 0.018750 0.054688
0 0.078125 0.600781 0.028125 0.048438
1 0.021094 0.615625 0.029687 0.050000
1 0.864062 0.967969 0.043750 0.060937
1 0.899219 0.832031 0.039062 0.064062
1 0.004687 0.675781 0.009375 0.014063
1 0.213281 0.791406 0.035938 0.064063
1 0.050000 0.611719 0.028125 0.045312
1 0.025000 0.771094 0.037500 0.064063
1 0.146875 0.671875 0.028125 0.053125
1 0.035937 0.707812 0.034375 0.059375
1 0.675000 0.498438 0.021875 0.040625
1 0.039062 0.676562 0.034375 0.037500
1 0.807031 0.932813 0.035937 0.087500
1 0.508594 0.283594 0.017188 0.039062
