0 0.869531 0.646875 0.070312 0.040625
0 0.007031 0.820312 0.014063 0.040625
0 0.400781 0.400000 0.032812 0.012500
0 0.988281 0.693750 0.020312 0.028125
1 0.508594 0.435937 0.037500 0.023438
1 0.036719 0.879687 0.073438 0.043750
1 0.989062 0.693750 0.018750 0.025000
1 0.060156 0.926562 0.101562 0.034375
1 0.371875 0.407813 0.025000 0.015625
1 0.316406 0.879687 0.082812 0.034375
1 0.219531 0.853906 0.095313 0.042188
1 0.434375 0.392188 0.034375 0.015625
1 0.700000 0.360156 0.040625 0.026562
1 0.563281 0.642187 0.067188 0.040625
1 0.414062 0.874219 0.093750 0.035938
1 0.467969 0.385156 0.035938 0.014063
1 0.738281 0.417969 0.026563 0.017188
