0 0.708594 0.325781 0.029687 0.014063
0 0.913281 0.654688 0.070312 0.040625
0 0.410156 0.414844 0.032813 0.014062
0 0.029687 0.827344 0.059375 0.051563
0 0.442969 0.408594 0.035938 0.014063
1 0.774219 0.427344 0.035938 0.020313
1 0.100000 0.490625 0.043750 0.025000
1 0.602344 0.650781 0.067188 0.039062
1 0.010156 0.889844 0.020313 0.023438
1 0.065625 0.888281 0.109375 0.045312
1 0.263281 0.861719 0.095312 0.042188
1 0.410937 0.414844 0.034375 0.014062
1 0.302344 0.456250 0.035938 0.021875
1 0.020313 0.949219 0.040625 0.029688
1 0.457031 0.884375 0.095312 0.034375
1 0.357031 0.890625 0.089062 0.037500
1 0.544531 0.443750 0.039062 0.021875
1 0.107031 0.934375 0.101562 0.034375
