0 0.011719 0.606250 0.023438 0.046875
0 0.039062 0.603125 0.028125 0.046875
0 0.925000 0.801562 0.018750 0.028125
0 0.032813 0.885938 0.043750 0.075000
0 0.007812 0.697656 0.015625 0.054688
1 0.033594 0.695312 0.032813 0.059375
1 0.672656 0.488281 0.020313 0.039062
1 0.012500 0.605469 0.025000 0.045313
1 0.333594 0.452344 0.017187 0.035938
1 0.861719 0.960938 0.051562 0.068750
1 0.892969 0.819531 0.039062 0.067188
1 0.003125 0.666406 0.006250 0.010938
1 0.210156 0.779687 0.035937 0.065625
1 0.021875 0.757031 0.037500 0.060937
1 0.153906 0.489063 0.020313 0.025000
1 0.317969 0.464062 0.014844 0.018750
1 0.239844 0.717969 0.032812 0.057812
1 0.718750 0.542969 0.025000 0.045313
1 0.037500 0.664844 0.031250 0.035938
1 0.003125 0.606250 0.006250 0.043750
1 0.802344 0.921875 0.032813 0.081250
