0 0.004687 0.632031 0.009375 0.042187
0 0.005469 0.678125 0.010937 0.021875
0 0.928125 0.819531 0.031250 0.048438
0 0.037500 0.903125 0.043750 0.075000
0 0.010156 0.716406 0.020313 0.054688
1 0.037500 0.713281 0.034375 0.057813
1 0.214844 0.799219 0.035938 0.064063
1 0.865625 0.975000 0.043750 0.046875
1 0.900000 0.848437 0.037500 0.062500
1 0.005469 0.678906 0.010937 0.020313
1 0.159375 0.507812 0.021875 0.028125
1 0.022656 0.620313 0.029687 0.046875
1 0.026562 0.775781 0.037500 0.064063
1 0.363281 0.446094 0.020312 0.029687
1 0.676562 0.510938 0.021875 0.040625
1 0.040625 0.681250 0.034375 0.034375
1 0.809375 0.946094 0.034375 0.085938
1 0.343750 0.461719 0.018750 0.029687
1 0.410156 0.411719 0.010938 0.014063
1 0.201562 0.564063 0.025000 0.043750
