0 0.280469 0.459375 0.030469 0.053906
0 0.347656 0.252344 0.014062 0.010937
0 0.954687 0.685156 0.021875 0.029687
0 0.060937 0.691406 0.043750 0.073438
0 0.052344 0.417187 0.029687 0.046875
0 0.014844 0.564844 0.029687 0.060937
0 0.377344 0.271875 0.020313 0.028125
1 0.234375 0.605469 0.034375 0.064062
1 0.032031 0.438281 0.029687 0.048438
1 0.882812 0.834375 0.043750 0.065625
1 0.921094 0.700000 0.042187 0.071875
1 0.012500 0.491406 0.025000 0.054688
1 0.178906 0.313281 0.020312 0.023438
1 0.273438 0.532813 0.031250 0.059375
1 0.235156 0.367188 0.023438 0.040625
1 0.102344 0.500000 0.032812 0.053125
1 0.558594 0.189063 0.026563 0.068750
1 0.625781 0.409375 0.023438 0.043750
1 0.198437 0.393750 0.025000 0.043750
1 0.063281 0.488281 0.029687 0.054688
1 0.034375 0.505469 0.031250 0.057813
1 0.825781 0.794531 0.035937 0.082812
1 0.356250 0.293750 0.021875 0.037500
1 0.049219 0.567969 0.035937 0.060937
1 0.702344 0.355469 0.023438 0.042188
