0 0.892187 0.653125 0.071875 0.040625
0 0.421094 0.408594 0.035938 0.014063
0 0.019531 0.831250 0.039062 0.050000
1 0.583594 0.651563 0.067187 0.040625
1 0.319531 0.450000 0.042187 0.021875
1 0.049219 0.892969 0.098437 0.045312
1 0.524219 0.444531 0.035938 0.023438
1 0.013281 0.954688 0.026562 0.031250
1 0.438281 0.885156 0.095313 0.035937
1 0.085938 0.938281 0.100000 0.032813
1 0.228906 0.464844 0.039062 0.023438
1 0.244531 0.864844 0.095312 0.045312
1 0.690625 0.405469 0.046875 0.029687
1 0.385938 0.418750 0.034375 0.021875
1 0.339844 0.892969 0.085938 0.035937
1 0.753906 0.427344 0.035937 0.020313
