0 0.896875 0.651563 0.071875 0.040625
0 0.021094 0.829688 0.042188 0.050000
0 0.423438 0.407031 0.034375 0.017188
1 0.755469 0.424219 0.035937 0.020313
1 0.588281 0.649219 0.067187 0.039062
1 0.051562 0.889844 0.103125 0.048438
1 0.016406 0.951562 0.032813 0.031250
1 0.443750 0.883594 0.093750 0.035938
1 0.094531 0.936719 0.095312 0.032813
1 0.339844 0.446875 0.035937 0.021875
1 0.283594 0.454688 0.035938 0.021875
1 0.248438 0.862500 0.096875 0.043750
1 0.388281 0.418750 0.042187 0.021875
1 0.344531 0.891406 0.082813 0.032813
1 0.534375 0.442188 0.025000 0.021875
