0 0.935938 0.659375 0.071875 0.040625
0 0.039844 0.829688 0.079687 0.050000
1 0.797656 0.431250 0.035938 0.021875
1 0.567969 0.447656 0.035937 0.020313
1 0.007031 0.532812 0.014063 0.025000
1 0.624219 0.655469 0.067188 0.039062
1 0.017969 0.892969 0.035937 0.023438
1 0.003906 0.491406 0.007812 0.017188
1 0.476562 0.888281 0.093750 0.035937
1 0.032031 0.955469 0.064062 0.039062
1 0.125781 0.936719 0.095312 0.032813
1 0.282031 0.865625 0.095313 0.043750
1 0.086719 0.890625 0.104688 0.043750
1 0.217187 0.465625 0.037500 0.021875
1 0.374219 0.892969 0.085938 0.039062
1 0.435937 0.414062 0.037500 0.021875
