0 0.885938 0.650000 0.071875 0.040625
0 0.014844 0.819531 0.029687 0.048438
0 0.415625 0.400781 0.034375 0.014063
1 0.749219 0.422656 0.035938 0.020313
1 0.025781 0.472656 0.045312 0.026563
1 0.578906 0.644531 0.064063 0.042188
1 0.045312 0.881250 0.090625 0.046875
1 0.046094 0.464062 0.035937 0.021875
1 0.368750 0.412500 0.015625 0.015625
1 0.008594 0.461719 0.017188 0.020313
1 0.430469 0.864844 0.092187 0.064063
1 0.078125 0.926562 0.100000 0.034375
1 0.380469 0.410937 0.035938 0.018750
1 0.450781 0.394531 0.032812 0.014062
1 0.235937 0.853906 0.096875 0.042188
1 0.385937 0.410937 0.025000 0.018750
1 0.007812 0.938281 0.015625 0.026562
1 0.332031 0.883594 0.082812 0.035938
1 0.483594 0.386719 0.035938 0.014062
1 0.522656 0.437500 0.035938 0.021875
