0 0.893750 0.653125 0.068750 0.040625
0 0.806250 0.233594 0.040625 0.017187
0 0.019531 0.831250 0.039062 0.050000
0 0.421094 0.408594 0.035938 0.014063
1 0.583594 0.651563 0.067187 0.040625
1 0.302344 0.451562 0.042187 0.021875
1 0.049219 0.892969 0.098437 0.045312
1 0.527344 0.445312 0.035937 0.021875
1 0.014063 0.953125 0.028125 0.028125
1 0.438281 0.885938 0.095313 0.034375
1 0.085938 0.938281 0.100000 0.032813
1 0.334375 0.448437 0.021875 0.009375
1 0.176563 0.475000 0.040625 0.021875
1 0.244531 0.864844 0.095312 0.045312
1 0.796094 0.245312 0.042187 0.021875
1 0.385938 0.419531 0.034375 0.020313
1 0.844531 0.240625 0.032813 0.021875
1 0.339844 0.892969 0.085938 0.035937
1 0.754687 0.426562 0.034375 0.018750
