0 0.315625 0.443750 0.012500 0.015625
0 0.327344 0.480469 0.014062 0.032813
0 0.005469 0.728125 0.010937 0.053125
0 0.359375 0.457031 0.012500 0.017188
0 0.882812 0.741406 0.034375 0.060937
0 0.421875 0.403906 0.018750 0.029688
0 0.315625 0.451562 0.012500 0.021875
0 0.026562 0.918750 0.043750 0.075000
0 0.328125 0.450000 0.015625 0.015625
0 0.356250 0.456250 0.012500 0.021875
0 0.410156 0.397656 0.010938 0.017188
0 0.365625 0.446875 0.018750 0.028125
0 0.317969 0.444531 0.017187 0.020313
0 0.344531 0.461719 0.017188 0.029687
1 0.028125 0.725781 0.034375 0.060937
1 0.206250 0.811719 0.037500 0.067188
1 0.014844 0.631250 0.029687 0.050000
1 0.811719 0.958594 0.045312 0.079688
1 0.031250 0.694531 0.034375 0.035938
1 0.150781 0.519531 0.020313 0.026563
1 0.004687 0.635938 0.009375 0.034375
1 0.893750 0.853906 0.040625 0.070312
1 0.385937 0.433594 0.021875 0.029687
1 0.507031 0.303906 0.020313 0.035938
1 0.327344 0.479687 0.014062 0.031250
1 0.669531 0.520312 0.020312 0.040625
1 0.860156 0.981250 0.042188 0.038281
1 0.017969 0.789844 0.035937 0.064063
1 0.403906 0.417188 0.017187 0.028125
1 0.440625 0.389844 0.018750 0.032813
1 0.192969 0.575000 0.026562 0.043750
