0 0.457813 0.881250 0.010156 0.024219
0 0.574219 0.692969 0.012500 0.017969
0 0.617188 0.739062 0.010156 0.016406
0 0.692969 0.782813 0.017188 0.028125
0 0.800000 0.914062 0.009375 0.012500
0 0.263281 0.650000 0.007812 0.015625
0 0.261719 0.645312 0.007812 0.015625
0 0.728906 0.824219 0.023438 0.026563
0 0.260937 0.739844 0.006250 0.023438
0 0.237500 0.707031 0.015625 0.026563
0 0.257812 0.648438 0.015625 0.018750
0 0.803906 0.930469 0.014062 0.017188
0 0.775781 0.926562 0.022656 0.025000
0 0.666406 0.738281 0.017188 0.026562
0 0.240625 0.689063 0.012500 0.012500
0 0.821875 0.930469 0.018750 0.014062
0 0.676562 0.800000 0.017969 0.020313
0 0.254688 0.643750 0.009375 0.009375
0 0.675000 0.779688 0.015625 0.021875
0 0.818750 0.918750 0.018750 0.018750
1 0.242969 0.669531 0.010938 0.023438
1 0.674219 0.778906 0.017188 0.023438
1 0.803906 0.928906 0.014062 0.017188
1 0.800000 0.914062 0.009375 0.012500
1 0.253125 0.676562 0.009375 0.021875
1 0.458594 0.767187 0.017187 0.025000
1 0.250000 0.683594 0.009375 0.023438
1 0.253906 0.658594 0.014062 0.017188
1 0.775781 0.926562 0.020312 0.021875
1 0.254688 0.661719 0.012500 0.023438
1 0.660156 0.856250 0.014844 0.023438
1 0.668750 0.814844 0.015625 0.026563
1 0.237500 0.707031 0.015625 0.023438
1 0.257812 0.657031 0.009375 0.017188
1 0.637500 0.767969 0.015625 0.029687
1 0.250781 0.685938 0.007812 0.021875
1 0.822656 0.930469 0.020312 0.014062
1 0.692187 0.783594 0.018750 0.029687
1 0.676562 0.800000 0.015625 0.015625
1 0.819531 0.921094 0.020313 0.023438
1 0.653125 0.789844 0.015625 0.029687
1 0.666406 0.737500 0.014062 0.025000
1 0.716406 0.803125 0.017188 0.024219
1 0.728906 0.825000 0.023438 0.025000
1 0.773438 0.913281 0.018750 0.020313
