0 0.724219 0.943750 0.017188 0.018750
0 0.102344 0.950000 0.007812 0.015625
0 0.648438 0.968750 0.015625 0.009375
0 0.256250 0.858594 0.012500 0.023438
0 0.157031 0.927344 0.010938 0.020312
0 0.096094 0.966406 0.014062 0.017188
0 0.694531 0.953125 0.017188 0.037500
0 0.230469 0.782812 0.017188 0.025000
1 0.200781 0.932031 0.020313 0.023438
1 0.096094 0.966406 0.014062 0.017188
1 0.693750 0.953125 0.015625 0.037500
1 0.107031 0.917969 0.010938 0.017187
1 0.160156 0.968750 0.020313 0.043750
1 0.171875 0.820312 0.021875 0.040625
1 0.178906 0.925781 0.023438 0.029688
1 0.692969 0.747656 0.017188 0.035937
1 0.625000 0.966406 0.012500 0.007812
1 0.735156 0.754687 0.014062 0.021875
