0 0.631250 0.439844 0.012500 0.026562
0 0.743750 0.540625 0.021875 0.031250
0 0.794531 0.671094 0.026563 0.048438
0 0.787500 0.754687 0.031250 0.053125
0 0.285938 0.407031 0.015625 0.026562
0 0.463281 0.408594 0.014063 0.023438
0 0.265625 0.436719 0.015625 0.023438
0 0.475781 0.412500 0.014062 0.018750
0 0.747656 0.568750 0.026563 0.037500
0 0.821094 0.760938 0.032813 0.053125
0 0.294531 0.393750 0.014063 0.021875
0 0.275000 0.421094 0.015625 0.026562
0 0.539062 0.425000 0.012500 0.021875
0 0.764844 0.667969 0.026562 0.045313
0 0.619531 0.434375 0.014062 0.021875
1 0.478125 0.413281 0.012500 0.017188
1 0.232813 0.488281 0.015625 0.029688
1 0.747656 0.567969 0.023438 0.035937
1 0.539062 0.425000 0.012500 0.021875
1 0.275781 0.421875 0.014063 0.025000
1 0.461719 0.407031 0.010937 0.020313
1 0.275000 0.514062 0.015625 0.028125
1 0.255469 0.453906 0.017187 0.023438
1 0.246094 0.468750 0.017188 0.028125
1 0.491406 0.411719 0.010937 0.023438
1 0.486719 0.408594 0.010937 0.023438
1 0.631250 0.439063 0.012500 0.025000
