0 0.683594 0.811719 0.019531 0.031250
0 0.617188 0.742969 0.025000 0.048438
0 0.580469 0.564844 0.007812 0.023438
0 0.643750 0.845313 0.031250 0.059375
0 0.648438 0.917969 0.028125 0.067187
1 0.766406 0.439063 0.020313 0.025000
1 0.547656 0.848437 0.026562 0.059375
1 0.585938 0.830469 0.028125 0.054688
1 0.552344 0.453906 0.017188 0.020313
1 0.405469 0.500000 0.010937 0.021875
1 0.471094 0.719531 0.023438 0.045312
1 0.725781 0.622656 0.026562 0.045312
1 0.650000 0.757031 0.025000 0.048438
1 0.672656 0.841406 0.020313 0.032813
1 0.664062 0.875000 0.021875 0.037500
1 0.737500 0.568750 0.018750 0.037500
1 0.685156 0.785156 0.026563 0.039062
