0 0.378906 0.911719 0.030469 0.056250
0 0.100781 0.521875 0.023438 0.043750
0 0.232813 0.662500 0.012500 0.037500
0 0.204687 0.646875 0.012500 0.031250
0 0.212500 0.650781 0.012500 0.032813
0 0.478906 0.861719 0.029688 0.039062
0 0.528125 0.185938 0.025000 0.050000
0 0.221094 0.654687 0.017187 0.031250
0 0.532031 0.708594 0.026562 0.048438
0 0.345313 0.512500 0.015625 0.037500
1 0.647656 0.892188 0.010937 0.046875
1 0.647656 0.892188 0.010937 0.046875
1 0.637500 0.907813 0.018750 0.015625
1 0.402344 0.784375 0.026563 0.053125
1 0.291406 0.546875 0.019531 0.046094
1 0.394531 0.559375 0.023438 0.043750
1 0.667188 0.905469 0.012500 0.026562
1 0.606250 0.478906 0.021875 0.045313
1 0.506250 0.895312 0.031250 0.062500
