0 0.793750 0.559375 0.015625 0.018750
0 0.786719 0.571875 0.014062 0.037500
0 0.793750 0.558594 0.015625 0.017187
0 0.794531 0.572656 0.020312 0.035937
0 0.786719 0.582812 0.010938 0.021875
0 0.740625 0.630469 0.021875 0.035937
0 0.041406 0.914062 0.020312 0.043750
0 0.130469 0.508594 0.014063 0.023437
0 0.135156 0.514844 0.020313 0.032813
0 0.778125 0.552344 0.016406 0.032031
0 0.760156 0.516406 0.017188 0.029687
0 0.721094 0.602344 0.020312 0.035938
1 0.900781 0.747656 0.032813 0.048438
1 0.858594 0.875781 0.039062 0.073437
1 0.889063 0.825000 0.037500 0.034375
1 0.769531 0.762500 0.029688 0.025000
1 0.042188 0.776563 0.037500 0.050000
1 0.889844 0.863281 0.035938 0.064062
1 0.770312 0.761719 0.031250 0.023438
1 0.696875 0.560937 0.018750 0.034375
1 0.750781 0.499219 0.021094 0.028906
1 0.769531 0.532813 0.020312 0.031250
