0 0.064844 0.567969 0.029687 0.045312
0 0.058594 0.589063 0.017187 0.018750
0 0.826563 0.554688 0.025000 0.046875
0 0.039062 0.685156 0.028125 0.054688
0 0.215625 0.693750 0.028125 0.053125
0 0.728125 0.550000 0.021875 0.043750
0 0.825781 0.523438 0.023438 0.031250
0 0.817969 0.545312 0.010938 0.031250
0 0.232031 0.010156 0.017187 0.020313
0 0.825000 0.542969 0.025000 0.035937
1 0.321875 0.724219 0.025000 0.014062
1 0.332813 0.700781 0.025000 0.051562
1 0.963281 0.857812 0.032813 0.031250
1 0.906250 0.805469 0.015625 0.023438
1 0.068750 0.683594 0.028125 0.054688
1 0.320312 0.705469 0.031250 0.042188
1 0.349219 0.486719 0.014844 0.039062
1 0.003125 0.725781 0.006250 0.023438
1 0.068750 0.541406 0.025000 0.035937
1 0.021875 0.720313 0.028125 0.034375
1 0.116406 0.589844 0.026563 0.048437
1 0.739062 0.564844 0.025000 0.045312
1 0.646094 0.796875 0.029687 0.050000
