0 0.846094 0.493750 0.016406 0.025781
0 0.953125 0.767187 0.031250 0.040625
0 0.207031 0.512500 0.017188 0.018750
0 0.740625 0.650000 0.018750 0.037500
0 0.210938 0.517969 0.025000 0.029687
0 0.833594 0.582812 0.020312 0.031250
1 0.860156 0.624219 0.020313 0.042187
1 0.960156 0.802344 0.032813 0.057813
1 0.214844 0.545313 0.010937 0.021875
1 0.190625 0.589063 0.015625 0.025000
1 0.203906 0.532813 0.020313 0.021094
1 0.192188 0.602344 0.012500 0.017188
1 0.895312 0.696094 0.021875 0.014062
1 0.209375 0.564844 0.012500 0.032813
1 0.193750 0.622656 0.012500 0.039062
1 0.214844 0.535156 0.010937 0.020312
1 0.207031 0.535156 0.023438 0.023438
1 0.189844 0.581250 0.014063 0.034375
1 0.196875 0.554688 0.015625 0.025000
1 0.202344 0.566406 0.026563 0.039062
1 0.841406 0.601562 0.014062 0.034375
1 0.810156 0.547656 0.017188 0.026562
1 0.210938 0.555469 0.012500 0.017188
1 0.821875 0.563281 0.018750 0.029687
1 0.511719 0.557031 0.010938 0.017188
1 0.190625 0.567969 0.012500 0.029687
1 0.997656 0.811719 0.001563 0.020313
