0 0.785937 0.753906 0.021875 0.023438
0 0.242188 0.452344 0.015625 0.007812
0 0.285937 0.573438 0.018750 0.034375
0 0.242188 0.448437 0.015625 0.009375
0 0.293750 0.564844 0.015625 0.032813
0 0.776563 0.743750 0.015625 0.018750
0 0.242188 0.458594 0.015625 0.017187
0 0.242188 0.443750 0.012500 0.009375
0 0.437500 0.675781 0.009375 0.013281
0 0.116406 0.724219 0.020312 0.017188
0 0.243750 0.445312 0.012500 0.012500
0 0.241406 0.460938 0.014063 0.015625
0 0.243750 0.446094 0.012500 0.014062
0 0.239844 0.480469 0.014063 0.020312
0 0.244531 0.442969 0.010937 0.007812
0 0.253125 0.339844 0.015625 0.026563
0 0.453125 0.346875 0.018750 0.034375
0 0.788281 0.701563 0.020313 0.037500
1 0.285938 0.574219 0.020313 0.035937
1 0.746094 0.495312 0.014063 0.018750
1 0.750781 0.530469 0.014062 0.020313
1 0.293750 0.564844 0.015625 0.032813
1 0.786719 0.753906 0.020312 0.023438
1 0.747656 0.510938 0.014062 0.018750
1 0.239844 0.477344 0.014063 0.017188
1 0.235937 0.507812 0.015625 0.021875
1 0.128125 0.713281 0.018750 0.020312
1 0.789062 0.702344 0.021875 0.036719
1 0.089844 0.722656 0.010937 0.017187
1 0.235937 0.489844 0.012500 0.017187
1 0.149219 0.719531 0.021094 0.023438
1 0.234375 0.500781 0.015625 0.023437
1 0.751563 0.543750 0.015625 0.034375
1 0.791406 0.743750 0.010938 0.018750
1 0.110156 0.711719 0.010938 0.023438
1 0.740625 0.523438 0.009375 0.025000
1 0.749219 0.520312 0.017188 0.021875
1 0.738281 0.503125 0.007812 0.021875
1 0.135937 0.722656 0.018750 0.017187
1 0.744531 0.494531 0.014062 0.017188
1 0.233594 0.526563 0.017187 0.028125
1 0.231250 0.546094 0.012500 0.017188
1 0.255469 0.302344 0.010937 0.020313
