0 0.027344 0.637500 0.017187 0.015625
0 0.027344 0.646094 0.017187 0.020312
0 0.357031 0.611719 0.014063 0.026563
0 0.564063 0.595312 0.015625 0.021875
0 0.028906 0.626563 0.017187 0.018750
0 0.024219 0.676562 0.017188 0.018750
0 0.025781 0.660156 0.017188 0.020312
0 0.631250 0.748437 0.018750 0.043750
0 0.592188 0.746875 0.021875 0.037500
0 0.557031 0.564844 0.017188 0.023438
1 0.571875 0.639063 0.009375 0.021875
1 0.027344 0.646094 0.017187 0.017188
1 0.031250 0.610938 0.016406 0.014844
1 0.574219 0.617969 0.014063 0.017188
1 0.034375 0.607031 0.012500 0.020312
1 0.021875 0.695312 0.018750 0.018750
1 0.589844 0.688281 0.017187 0.039062
1 0.021094 0.717969 0.020313 0.029687
1 0.555469 0.587500 0.010937 0.018750
1 0.034375 0.594531 0.014063 0.015625
1 0.032813 0.581250 0.015625 0.015625
1 0.566406 0.635156 0.007812 0.020312
1 0.031250 0.602344 0.015625 0.014062
1 0.031250 0.612500 0.010937 0.007812
1 0.563281 0.615625 0.010937 0.021875
1 0.028906 0.626563 0.017187 0.015625
1 0.035937 0.581250 0.012500 0.015625
1 0.025000 0.660156 0.018750 0.020312
1 0.568750 0.636719 0.010937 0.027344
1 0.564063 0.594531 0.015625 0.020313
1 0.584375 0.660156 0.015625 0.023438
1 0.576562 0.658594 0.015625 0.029687
1 0.033594 0.578125 0.014063 0.015625
1 0.578125 0.636719 0.012500 0.020312
1 0.572656 0.605469 0.010938 0.017187
1 0.583594 0.646094 0.014062 0.032813
1 0.562500 0.575781 0.015625 0.014062
1 0.575781 0.618750 0.010938 0.018750
1 0.032813 0.599219 0.015625 0.014062
