0 0.067187 0.896875 0.021875 0.018750
0 0.022656 0.954688 0.016406 0.033594
0 0.112500 0.703125 0.015625 0.021875
0 0.118750 0.939844 0.021875 0.045312
0 0.088281 0.917969 0.020312 0.032812
0 0.088281 0.964844 0.023438 0.045313
1 0.674219 0.878906 0.007812 0.020312
1 0.022656 0.955469 0.014062 0.029687
1 0.057031 0.449219 0.010156 0.017969
1 0.130469 0.355469 0.017188 0.029687
1 0.099219 0.815625 0.020312 0.040625
1 0.110156 0.728125 0.020312 0.037500
1 0.264844 0.337500 0.017188 0.031250
1 0.382031 0.936719 0.010156 0.033594
1 0.335938 0.937500 0.021875 0.025000
1 0.190625 0.683594 0.018750 0.032812
1 0.087500 0.964063 0.021875 0.043750
