0 0.450781 0.585156 0.014063 0.026562
0 0.716406 0.509375 0.017188 0.021875
0 0.710938 0.503906 0.015625 0.023438
0 0.719531 0.503125 0.014062 0.009375
0 0.717969 0.514062 0.017188 0.028125
0 0.561719 0.473437 0.010937 0.018750
0 0.109375 0.728125 0.009375 0.018750
0 0.392969 0.410938 0.014063 0.021875
0 0.342187 0.502344 0.012500 0.020312
0 0.672656 0.492188 0.014062 0.018750
0 0.385938 0.438281 0.012500 0.020313
1 0.319531 0.531250 0.014062 0.025000
1 0.755469 0.656250 0.023438 0.040625
1 0.092188 0.760156 0.015625 0.014062
1 0.376563 0.453906 0.012500 0.020313
1 0.665625 0.846875 0.031250 0.059375
1 0.369531 0.464062 0.014063 0.021875
1 0.463281 0.340625 0.010937 0.025000
1 0.353125 0.489063 0.014844 0.021875
1 0.449219 0.485156 0.012500 0.021875
1 0.361719 0.475000 0.010937 0.021875
1 0.599219 0.686719 0.021875 0.040625
1 0.709375 0.715625 0.025000 0.043750
1 0.330469 0.519531 0.014063 0.026563
1 0.536719 0.671875 0.020312 0.037500
1 0.543750 0.445312 0.012500 0.021875
1 0.746094 0.533594 0.017187 0.029687
1 0.429688 0.917188 0.031250 0.059375
