0 0.562500 0.334375 0.014844 0.028125
0 0.096875 0.621875 0.012500 0.015625
0 0.848437 0.435156 0.015625 0.035938
0 0.097656 0.626562 0.014063 0.025000
0 0.238281 0.369531 0.017188 0.020313
0 0.253906 0.214062 0.017188 0.012500
0 0.133594 0.631250 0.017187 0.018750
0 0.251563 0.250000 0.018750 0.034375
0 0.132031 0.617188 0.017187 0.015625
0 0.097656 0.632031 0.014063 0.014062
0 0.798437 0.435156 0.021875 0.035938
0 0.254688 0.214062 0.015625 0.012500
0 0.419531 0.078906 0.020313 0.039062
0 0.793750 0.410156 0.019531 0.021875
1 0.214844 0.440625 0.014062 0.028125
1 0.149219 0.622656 0.014063 0.026563
1 0.214844 0.519531 0.020313 0.032812
1 0.800781 0.539844 0.017187 0.017188
1 0.238281 0.389844 0.020313 0.023438
1 0.097656 0.632031 0.014063 0.014062
1 0.156250 0.625781 0.025000 0.026562
1 0.203125 0.489844 0.015625 0.035938
1 0.235937 0.416406 0.018750 0.042187
1 0.798438 0.434375 0.018750 0.034375
1 0.195312 0.521875 0.015625 0.028125
1 0.157031 0.628125 0.023438 0.021875
1 0.132031 0.618750 0.017187 0.018750
1 0.224219 0.488281 0.020313 0.039062
1 0.134375 0.632031 0.017188 0.018750
