0 0.382812 0.703906 0.009375 0.010937
0 0.698438 0.597656 0.009375 0.010938
0 0.709375 0.790625 0.018750 0.019531
0 0.698438 0.610938 0.009375 0.012500
0 0.697656 0.637500 0.014062 0.025000
0 0.639062 0.714063 0.012500 0.021875
0 0.289844 0.743750 0.010937 0.021875
0 0.340625 0.628906 0.012500 0.023438
0 0.360938 0.564844 0.010937 0.017969
0 0.284375 0.749219 0.012500 0.014062
0 0.371094 0.498437 0.010937 0.017969
0 0.625000 0.714063 0.012500 0.021875
0 0.296875 0.739062 0.009375 0.025000
0 0.699219 0.625000 0.014063 0.015625
1 0.348437 0.607031 0.012500 0.020312
1 0.349219 0.593750 0.010937 0.018750
1 0.371875 0.498437 0.010937 0.019531
1 0.346094 0.610156 0.010937 0.020313
1 0.698438 0.636719 0.012500 0.023438
1 0.356250 0.582812 0.011719 0.020313
1 0.353125 0.604688 0.006250 0.018750
1 0.698438 0.597656 0.009375 0.010938
1 0.348438 0.609375 0.009375 0.018750
1 0.639062 0.714844 0.012500 0.020312
1 0.284375 0.748437 0.012500 0.015625
1 0.351562 0.584375 0.012500 0.018750
1 0.340625 0.626563 0.012500 0.028125
1 0.354687 0.596094 0.009375 0.017188
1 0.345313 0.597656 0.009375 0.020312
1 0.357031 0.704688 0.010937 0.018750
1 0.358594 0.583594 0.010156 0.020313
1 0.296875 0.736719 0.009375 0.020312
1 0.674219 0.636719 0.010938 0.023438
1 0.357812 0.581250 0.010937 0.020313
1 0.492188 0.590625 0.009375 0.021875
1 0.364063 0.539062 0.009375 0.021875
1 0.653906 0.715625 0.014062 0.021875
1 0.290625 0.743750 0.012500 0.021875
1 0.699219 0.610156 0.010938 0.014062
1 0.350000 0.592969 0.012500 0.017188
1 0.699219 0.623437 0.014063 0.015625
