0 0.711719 0.572656 0.010937 0.010938
0 0.711719 0.585938 0.010937 0.012500
0 0.717969 0.738281 0.017188 0.020312
0 0.373437 0.532813 0.009375 0.015625
0 0.352344 0.718750 0.014844 0.017969
0 0.720313 0.764062 0.015625 0.018750
0 0.710938 0.603125 0.015625 0.022656
0 0.309375 0.700000 0.009375 0.015625
0 0.302344 0.708594 0.010937 0.020312
0 0.651563 0.687500 0.013281 0.021875
0 0.387500 0.458594 0.006250 0.026562
0 0.636719 0.686719 0.015625 0.023438
0 0.353906 0.598437 0.010937 0.021875
0 0.392969 0.411719 0.010937 0.017187
1 0.710156 0.617969 0.014062 0.017188
1 0.712500 0.610156 0.012500 0.014062
1 0.359375 0.564062 0.009375 0.021875
1 0.360156 0.561719 0.007812 0.023438
1 0.301563 0.707031 0.009375 0.017187
1 0.367188 0.565625 0.006250 0.018750
1 0.710938 0.619531 0.012500 0.017188
1 0.387500 0.459375 0.008594 0.028906
1 0.687500 0.610156 0.012500 0.023438
1 0.711719 0.572656 0.010937 0.010938
1 0.651563 0.687500 0.012500 0.021875
1 0.361719 0.571875 0.010937 0.015625
1 0.636719 0.686719 0.014844 0.023438
1 0.296875 0.715625 0.012500 0.015625
1 0.364063 0.548437 0.009375 0.021875
1 0.381250 0.517969 0.009375 0.020312
1 0.353906 0.594531 0.010937 0.029687
1 0.368750 0.557031 0.009375 0.020312
1 0.364063 0.575781 0.009375 0.020312
1 0.359375 0.582031 0.012500 0.020312
1 0.710938 0.598437 0.012500 0.012500
1 0.372656 0.532813 0.007812 0.015625
1 0.370312 0.547656 0.009375 0.020313
1 0.717187 0.739062 0.012500 0.018750
1 0.378125 0.517188 0.009375 0.018750
1 0.392969 0.411719 0.010937 0.017187
1 0.309375 0.700781 0.009375 0.017188
1 0.666406 0.688281 0.014844 0.024219
1 0.710938 0.585938 0.012500 0.012500
1 0.362500 0.559375 0.009375 0.018750
1 0.710156 0.600000 0.014062 0.015625
