0 0.319531 0.490625 0.014062 0.015625
0 0.528906 0.514844 0.007812 0.020313
0 0.196094 0.529688 0.010938 0.025000
0 0.657031 0.558594 0.014062 0.010938
0 0.657813 0.546875 0.012500 0.009375
0 0.456250 0.500000 0.012500 0.021875
0 0.335156 0.463281 0.014062 0.020313
0 0.478906 0.839063 0.026562 0.031250
0 0.314063 0.490625 0.012500 0.015625
0 0.300781 0.510156 0.014062 0.023438
0 0.660937 0.566406 0.015625 0.023438
0 0.506250 0.508594 0.012500 0.023437
0 0.265625 0.550781 0.015625 0.023438
0 0.656250 0.564844 0.009375 0.020312
0 0.319531 0.485156 0.014062 0.020313
0 0.652344 0.558594 0.004687 0.010938
0 0.450781 0.488281 0.007812 0.020312
0 0.277344 0.534375 0.014062 0.025000
0 0.520312 0.510938 0.012500 0.021875
0 0.310937 0.496094 0.013281 0.021875
0 0.317187 0.492969 0.012500 0.017188
0 0.657031 0.551562 0.014062 0.018750
0 0.656250 0.548438 0.012500 0.012500
0 0.667188 0.564062 0.006250 0.021875
0 0.657031 0.557031 0.014062 0.014062
0 0.495312 0.511719 0.009375 0.010938
0 0.496094 0.526563 0.010938 0.021875
0 0.619531 0.544531 0.014062 0.023438
0 0.657031 0.560156 0.014062 0.014062
0 0.484375 0.520312 0.012500 0.025000
1 0.686719 0.585156 0.017188 0.026562
1 0.496094 0.526563 0.010938 0.021875
1 0.197656 0.529688 0.010937 0.025000
1 0.506250 0.508594 0.012500 0.023437
1 0.278125 0.535156 0.015625 0.020312
1 0.346094 0.446094 0.014844 0.021875
1 0.456250 0.500000 0.009375 0.021875
1 0.483594 0.519531 0.010937 0.023438
1 0.289062 0.522656 0.012500 0.020313
1 0.691406 0.729688 0.023438 0.043750
1 0.300000 0.510938 0.012500 0.021875
1 0.697656 0.697656 0.020312 0.035937
1 0.562500 0.547656 0.012500 0.026562
1 0.682031 0.675781 0.020312 0.039062
1 0.578125 0.546094 0.012500 0.023438
