0 0.241406 0.683594 0.014063 0.032812
0 0.456250 0.656250 0.009375 0.021875
0 0.250781 0.664062 0.007812 0.018750
0 0.243750 0.663281 0.012500 0.023438
0 0.218750 0.803125 0.012500 0.018750
0 0.131250 0.826562 0.015625 0.018750
0 0.251563 0.649219 0.012500 0.020313
0 0.230469 0.741406 0.014062 0.026562
0 0.605469 0.742969 0.014063 0.026562
0 0.257031 0.631250 0.014062 0.025000
0 0.142187 0.825000 0.012500 0.018750
0 0.275000 0.718750 0.012500 0.025000
1 0.243750 0.677344 0.013281 0.021875
1 0.241406 0.684375 0.014063 0.031250
1 0.332031 0.714063 0.010938 0.025000
1 0.114844 0.825781 0.017188 0.020312
1 0.252344 0.649219 0.010937 0.017188
1 0.243750 0.662500 0.009375 0.018750
1 0.243750 0.671875 0.012500 0.015625
1 0.231250 0.741406 0.012500 0.026562
1 0.250781 0.663281 0.007812 0.017188
1 0.604688 0.743750 0.012500 0.025000
1 0.257031 0.632031 0.014062 0.026562
1 0.346875 0.715625 0.012500 0.025000
