0 0.699219 0.829688 0.017187 0.018750
0 0.689844 0.648438 0.010938 0.012500
0 0.332812 0.657031 0.012500 0.023438
0 0.353125 0.594531 0.009375 0.014062
0 0.279687 0.773438 0.012500 0.021875
0 0.296875 0.758594 0.012500 0.017188
0 0.330469 0.780469 0.014063 0.017188
0 0.285937 0.764062 0.012500 0.018750
1 0.335938 0.633594 0.009375 0.023438
1 0.352344 0.596875 0.011719 0.018750
1 0.360938 0.577344 0.009375 0.023438
1 0.347656 0.625781 0.007812 0.020313
1 0.338281 0.633594 0.010937 0.023438
1 0.689844 0.673438 0.014062 0.034375
1 0.274219 0.777344 0.010937 0.014063
1 0.297656 0.776563 0.017188 0.018750
1 0.339844 0.638281 0.010938 0.023438
1 0.616406 0.750000 0.014062 0.021875
1 0.631250 0.751563 0.014063 0.021875
1 0.279687 0.773438 0.012500 0.021875
1 0.360156 0.578125 0.010937 0.025000
1 0.359375 0.585156 0.009375 0.020313
1 0.350000 0.614844 0.006250 0.020312
1 0.340625 0.617969 0.009375 0.023438
1 0.352344 0.608594 0.009375 0.018750
1 0.690625 0.662500 0.012500 0.015625
1 0.338281 0.645312 0.011719 0.024219
1 0.666406 0.674219 0.010938 0.023438
1 0.346094 0.606250 0.007812 0.018750
1 0.285937 0.764062 0.012500 0.018750
1 0.585938 0.677344 0.012500 0.017188
1 0.333594 0.657031 0.014844 0.025781
1 0.352344 0.603125 0.009375 0.021875
1 0.353125 0.575000 0.009375 0.021875
1 0.690625 0.648438 0.013281 0.014063
1 0.690625 0.637500 0.009375 0.012500
1 0.346094 0.612500 0.007812 0.018750
1 0.645312 0.753125 0.012500 0.021875
1 0.339844 0.649219 0.010938 0.029687
