0 0.466406 0.846094 0.017187 0.032813
0 0.912500 0.982031 0.021875 0.020312
0 0.905469 0.970312 0.020313 0.021875
0 0.486719 0.840625 0.017187 0.031250
0 0.852344 0.727344 0.017188 0.029687
0 0.928906 0.981250 0.014062 0.021875
0 0.846875 0.728906 0.009375 0.026563
0 0.382812 0.874219 0.015625 0.020313
0 0.855469 0.725000 0.010938 0.025000
1 0.906250 0.969531 0.018750 0.020313
1 0.392188 0.746875 0.015625 0.018750
1 0.925781 0.967969 0.020312 0.017188
1 0.550000 0.792969 0.015625 0.029688
1 0.389062 0.767188 0.018750 0.034375
1 0.928906 0.981250 0.014062 0.021875
1 0.507812 0.808594 0.015625 0.029688
1 0.532031 0.734375 0.014062 0.028125
1 0.533594 0.707812 0.014062 0.028125
1 0.859375 0.752344 0.015625 0.029687
