0 0.786719 0.519531 0.017188 0.039062
0 0.257812 0.564063 0.018750 0.034375
0 0.139062 0.609375 0.025000 0.037500
0 0.303125 0.496094 0.012500 0.026563
0 0.175781 0.565625 0.023438 0.031250
0 0.642969 0.675781 0.023438 0.045313
0 0.109375 0.259375 0.015625 0.034375
0 0.681250 0.544531 0.018750 0.032813
1 0.329688 0.824219 0.025000 0.051562
1 0.611719 0.539062 0.017188 0.031250
1 0.721875 0.553125 0.025000 0.034375
1 0.772656 0.971094 0.042187 0.054688
1 0.217969 0.489844 0.017187 0.032812
1 0.167187 0.587500 0.021875 0.034375
1 0.198437 0.548438 0.021875 0.031250
1 0.276563 0.567187 0.018750 0.034375
1 0.210156 0.518750 0.020312 0.034375
1 0.332031 0.499219 0.017188 0.026562
1 0.240625 0.560156 0.015625 0.032813
1 0.316406 0.496875 0.014062 0.028125
1 0.811719 0.995313 0.023438 0.006250
1 0.652344 0.521875 0.017187 0.031250
1 0.564844 0.565625 0.017188 0.034375
