0 0.365625 0.607812 0.025000 0.012500
0 0.282031 0.153125 0.032813 0.028125
0 0.519531 0.573438 0.014063 0.012500
0 0.511719 0.582031 0.017187 0.010938
0 0.485938 0.439844 0.021875 0.014063
1 0.410937 0.838281 0.034375 0.023438
1 0.017188 0.250781 0.034375 0.026562
1 0.232813 0.167969 0.031250 0.026562
1 0.440625 0.805469 0.021875 0.010937
1 0.475000 0.811719 0.016406 0.010156
1 0.208594 0.175781 0.032812 0.026562
1 0.417969 0.803906 0.026563 0.014062
1 0.380469 0.034375 0.048437 0.028125
1 0.175781 0.184375 0.042187 0.028125
1 0.525781 0.561719 0.017188 0.010937
1 0.502344 0.594531 0.020312 0.014062
1 0.463281 0.607812 0.029688 0.015625
1 0.485938 0.438281 0.021875 0.014062
1 0.363281 0.827344 0.039062 0.023438
1 0.490625 0.449219 0.015625 0.010938
1 0.520312 0.573438 0.015625 0.012500
