0 0.474219 0.492969 0.010937 0.020313
0 0.517969 0.502344 0.010938 0.020312
0 0.671094 0.542188 0.014062 0.012500
0 0.675781 0.553906 0.017187 0.017188
0 0.370313 0.407813 0.012500 0.015625
0 0.675781 0.560156 0.017187 0.026563
0 0.214844 0.521094 0.010937 0.023438
0 0.070312 0.726562 0.028125 0.040625
0 0.353125 0.454688 0.016406 0.024219
0 0.307031 0.684375 0.020313 0.037500
0 0.463281 0.489062 0.007812 0.018750
0 0.671094 0.547656 0.017188 0.020313
0 0.369531 0.415625 0.014063 0.031250
0 0.303906 0.514844 0.014062 0.020313
0 0.541406 0.506250 0.007812 0.018750
0 0.532813 0.504687 0.012500 0.018750
0 0.632031 0.538281 0.014062 0.026562
0 0.571094 0.483594 0.017188 0.017188
0 0.675000 0.549219 0.015625 0.010938
1 0.278906 0.541406 0.014063 0.026563
1 0.496875 0.515625 0.012500 0.024219
1 0.704688 0.592187 0.018750 0.031250
1 0.233594 0.666406 0.020312 0.035937
1 0.214844 0.520312 0.010937 0.021875
1 0.239844 0.916406 0.032812 0.060937
1 0.517969 0.502344 0.010938 0.020312
1 0.507812 0.281250 0.012500 0.025000
1 0.705469 0.725781 0.023438 0.042187
1 0.353125 0.454688 0.012500 0.021875
1 0.712500 0.695312 0.021875 0.040625
1 0.697656 0.671875 0.020312 0.037500
1 0.474219 0.492188 0.010937 0.018750
1 0.357031 0.664844 0.017187 0.035938
1 0.700781 0.571875 0.014062 0.012500
1 0.291406 0.528906 0.014063 0.026563
