0 0.278125 0.457031 0.018750 0.032813
0 0.181250 0.858594 0.012500 0.023438
0 0.193750 0.867969 0.018750 0.020313
0 0.279687 0.489063 0.017969 0.035937
0 0.301562 0.828906 0.018750 0.029687
0 0.712500 0.805469 0.021094 0.040625
0 0.215625 0.812500 0.021875 0.040625
0 0.699219 0.857031 0.020312 0.035937
0 0.731250 0.760156 0.019531 0.039062
1 0.379687 0.751562 0.012500 0.037500
1 0.692969 0.757031 0.014062 0.035938
1 0.278125 0.457031 0.018750 0.032813
1 0.292188 0.399219 0.018750 0.032813
1 0.744531 0.860938 0.020312 0.034375
1 0.180469 0.858594 0.010938 0.023438
1 0.281250 0.825000 0.021875 0.034375
1 0.785937 0.563281 0.021875 0.029687
1 0.260156 0.822656 0.022656 0.035937
1 0.397656 0.675781 0.017188 0.032812
1 0.200781 0.860156 0.020313 0.026562
1 0.710938 0.757812 0.018750 0.037500
1 0.244531 0.667969 0.017187 0.032812
1 0.193750 0.867969 0.018750 0.020313
1 0.794531 0.703125 0.017188 0.040625
1 0.733594 0.808594 0.020313 0.039062
1 0.689844 0.804688 0.020312 0.037500
1 0.721875 0.859375 0.021875 0.034375
