0 0.341406 0.814844 0.017187 0.029687
0 0.285937 0.767188 0.018750 0.031250
0 0.711719 0.616406 0.019531 0.028906
0 0.697656 0.600781 0.017188 0.032813
0 0.239063 0.731250 0.015625 0.025000
0 0.038281 0.250781 0.010937 0.026562
0 0.624219 0.427344 0.017188 0.035938
0 0.669531 0.706250 0.017188 0.037500
0 0.300000 0.828906 0.021875 0.035938
1 0.682813 0.575000 0.018750 0.031250
1 0.682031 0.689063 0.007812 0.031250
1 0.341406 0.814063 0.017187 0.028125
1 0.735156 0.742188 0.017188 0.031250
1 0.321094 0.824219 0.020313 0.035937
1 0.653125 0.710156 0.018750 0.035938
1 0.582031 0.136719 0.021094 0.038281
1 0.300781 0.828906 0.020312 0.035938
1 0.697656 0.603125 0.017188 0.031250
