0 0.381250 0.522656 0.006250 0.010937
0 0.703125 0.569531 0.015625 0.026562
0 0.386719 0.517188 0.010938 0.015625
0 0.138281 0.714063 0.007812 0.015625
0 0.489063 0.346094 0.009375 0.017187
0 0.383594 0.517188 0.010937 0.015625
0 0.787500 0.732813 0.025000 0.040625
0 0.517188 0.368750 0.012500 0.025000
0 0.135156 0.709375 0.014063 0.025000
0 0.382031 0.510938 0.007812 0.012500
0 0.389062 0.508594 0.006250 0.010937
0 0.385938 0.512500 0.012500 0.018750
0 0.547656 0.541406 0.007812 0.014062
0 0.375781 0.521875 0.014844 0.021875
0 0.362500 0.537500 0.015625 0.028125
0 0.750000 0.641406 0.018750 0.032813
0 0.371875 0.523438 0.009375 0.021875
0 0.808594 0.645312 0.020312 0.034375
0 0.685156 0.675000 0.020312 0.037500
0 0.606250 0.529688 0.012500 0.021875
0 0.745313 0.713281 0.021875 0.039062
0 0.500000 0.320312 0.012500 0.025000
1 0.601562 0.739844 0.021875 0.042188
1 0.663281 0.679688 0.020313 0.034375
1 0.363281 0.535937 0.014062 0.025000
1 0.816406 0.767188 0.026563 0.046875
1 0.350000 0.660156 0.018750 0.035156
1 0.499219 0.321094 0.010937 0.023438
1 0.779688 0.700000 0.021875 0.034375
1 0.319531 0.630469 0.017969 0.031250
1 0.488281 0.346094 0.007812 0.017187
1 0.817969 0.732031 0.026563 0.032813
1 0.699219 0.734375 0.023438 0.040625
1 0.716406 0.959375 0.032813 0.068750
1 0.750781 0.753906 0.026562 0.042188
1 0.778125 0.666406 0.021875 0.032813
