0 0.789844 0.656250 0.016406 0.025781
0 0.558594 0.732031 0.017187 0.039062
0 0.883594 0.892187 0.014062 0.021875
0 0.839844 0.846875 0.020312 0.021875
0 0.877344 0.885156 0.023438 0.032813
0 0.840625 0.889062 0.018750 0.018750
0 0.416406 0.813281 0.017187 0.029687
0 0.832812 0.877344 0.018750 0.020312
0 0.317187 0.803125 0.018750 0.018750
0 0.812500 0.835938 0.020313 0.035937
0 0.860938 0.890625 0.020313 0.023438
0 0.318750 0.771094 0.018750 0.023438
0 0.248438 0.867188 0.021875 0.021875
0 0.885938 0.892188 0.009375 0.018750
0 0.859375 0.850000 0.015625 0.021875
0 0.855469 0.878125 0.020312 0.018750
0 0.450000 0.835938 0.018750 0.021875
0 0.428906 0.824219 0.020313 0.032812
0 0.622656 0.474219 0.014062 0.032812
0 0.796875 0.685937 0.018750 0.046875
0 0.367188 0.853906 0.015625 0.014062
0 0.872656 0.882812 0.014062 0.028125
0 0.853906 0.874219 0.017188 0.014062
1 0.794531 0.678125 0.014062 0.028125
1 0.460938 0.809375 0.018750 0.021875
1 0.860156 0.889844 0.020313 0.020313
1 0.325781 0.825781 0.017187 0.023438
1 0.314063 0.828125 0.015625 0.015625
1 0.367188 0.854688 0.015625 0.012500
1 0.854688 0.875781 0.018750 0.014062
1 0.449219 0.835156 0.020312 0.020313
1 0.248438 0.867188 0.021875 0.021875
1 0.328125 0.646875 0.015625 0.018750
1 0.387500 0.832812 0.015625 0.015625
1 0.839844 0.846094 0.020312 0.020312
1 0.408594 0.833594 0.017187 0.017188
1 0.314063 0.828125 0.015625 0.015625
1 0.416406 0.812500 0.017187 0.028125
1 0.328125 0.631250 0.015625 0.018750
1 0.217188 0.164062 0.015625 0.028125
1 0.833594 0.876563 0.017188 0.018750
1 0.274219 0.866406 0.010937 0.023438
1 0.797656 0.688281 0.017188 0.039062
1 0.738281 0.342187 0.017187 0.028125
1 0.327344 0.668750 0.017188 0.031250
