0 0.793750 0.423438 0.018750 0.046875
0 0.820312 0.587500 0.015625 0.046875
0 0.011719 0.603906 0.023438 0.045312
0 0.300000 0.624219 0.028125 0.054688
0 0.814063 0.589063 0.028125 0.050000
0 0.859375 0.835156 0.009375 0.026562
0 0.165625 0.596875 0.006250 0.034375
0 0.047656 0.470313 0.026562 0.053125
1 0.011719 0.603906 0.023438 0.045312
1 0.937500 0.903125 0.021875 0.034375
1 0.006250 0.611719 0.012500 0.029687
1 0.079687 0.683594 0.031250 0.057813
1 0.054688 0.412500 0.021875 0.025000
1 0.052344 0.440625 0.026563 0.037500
1 0.182812 0.494531 0.026562 0.049219
1 0.886719 0.838281 0.023438 0.026563
