0 0.589063 0.648438 0.015625 0.034375
0 0.578125 0.672656 0.015625 0.023438
0 0.332813 0.767969 0.015625 0.035937
0 0.560937 0.590625 0.016406 0.031250
0 0.692187 0.782812 0.015625 0.021875
0 0.128906 0.719531 0.020313 0.039062
0 0.667188 0.822656 0.031250 0.039062
0 0.563281 0.601562 0.014062 0.021875
0 0.200000 0.869531 0.012500 0.035937
0 0.500781 0.684375 0.014062 0.031250
0 0.559375 0.582812 0.012500 0.015625
1 0.106250 0.705469 0.015625 0.048438
1 0.550000 0.567187 0.015625 0.034375
1 0.667188 0.821094 0.031250 0.039062
1 0.200000 0.869531 0.012500 0.035937
1 0.176563 0.879687 0.021875 0.031250
1 0.496875 0.616406 0.015625 0.029687
1 0.589063 0.646875 0.015625 0.037500
1 0.540625 0.548438 0.015625 0.032031
1 0.140625 0.612500 0.012500 0.028125
1 0.575000 0.624219 0.015625 0.039062
1 0.316406 0.620313 0.014062 0.031250
