0 0.586719 0.645312 0.010156 0.017969
0 0.400781 0.663281 0.007812 0.020313
0 0.646875 0.721875 0.011719 0.020313
0 0.567969 0.645312 0.007812 0.015625
0 0.396875 0.684375 0.009375 0.015625
0 0.391406 0.664062 0.007812 0.018750
0 0.581250 0.689063 0.009375 0.015625
0 0.384375 0.640625 0.010937 0.018750
0 0.595312 0.666406 0.009375 0.020312
0 0.584375 0.667188 0.009375 0.018750
0 0.380469 0.663281 0.010937 0.020313
0 0.375781 0.685156 0.010937 0.015625
0 0.592188 0.689063 0.009375 0.015625
0 0.577344 0.646094 0.007812 0.017188
0 0.385156 0.685156 0.010937 0.014062
1 0.400781 0.664062 0.007812 0.018750
1 0.645312 0.720312 0.009375 0.021875
1 0.394531 0.641406 0.009375 0.018750
1 0.396875 0.685156 0.009375 0.014062
1 0.586719 0.645312 0.007812 0.015625
1 0.375781 0.685156 0.010937 0.014062
1 0.385937 0.685156 0.010937 0.015625
1 0.567187 0.645312 0.009375 0.015625
1 0.403906 0.641406 0.007812 0.017188
1 0.381250 0.664062 0.009375 0.018750
1 0.574219 0.666406 0.007812 0.017188
1 0.644531 0.714063 0.007812 0.012500
1 0.601562 0.689844 0.009375 0.014062
1 0.577344 0.645312 0.007812 0.015625
1 0.592188 0.689063 0.009375 0.015625
1 0.330469 0.721094 0.014063 0.029687
1 0.595312 0.667188 0.009375 0.018750
