0 0.694531 0.551562 0.017188 0.018750
0 0.692187 0.548437 0.015625 0.025000
0 0.300000 0.517969 0.012500 0.029687
0 0.461719 0.500781 0.010937 0.023437
0 0.697656 0.560156 0.017188 0.026563
0 0.265625 0.882031 0.031250 0.057812
0 0.314063 0.504687 0.015625 0.021875
0 0.198437 0.617188 0.021875 0.028125
0 0.653906 0.535156 0.014062 0.023438
0 0.550781 0.493750 0.007812 0.018750
1 0.467969 0.494531 0.010937 0.020312
1 0.299219 0.517969 0.010937 0.026563
1 0.170312 0.633594 0.021875 0.035938
1 0.271094 0.571875 0.017187 0.028125
1 0.732813 0.700000 0.025000 0.043750
1 0.325000 0.491406 0.014844 0.020313
1 0.059375 0.757812 0.028125 0.040625
1 0.164844 0.714063 0.023438 0.040625
1 0.189844 0.636719 0.021875 0.033594
1 0.283594 0.556250 0.017187 0.028125
1 0.221875 0.610156 0.021875 0.032813
1 0.357031 0.563281 0.014063 0.026562
1 0.461719 0.500781 0.010937 0.023437
1 0.717188 0.675000 0.021875 0.037500
1 0.468750 0.492969 0.009375 0.020313
1 0.724219 0.582031 0.017188 0.029688
1 0.253906 0.578125 0.020312 0.028125
1 0.241406 0.598437 0.017187 0.031250
