0 0.314063 0.796094 0.015625 0.014062
0 0.466406 0.790625 0.017187 0.034375
0 0.878125 0.815625 0.006250 0.012500
0 0.607812 0.663281 0.019531 0.032031
0 0.331250 0.503125 0.006250 0.012500
0 0.331250 0.519531 0.009375 0.023438
0 0.437500 0.596094 0.012500 0.020312
0 0.847656 0.817969 0.007812 0.017188
0 0.633594 0.782813 0.017188 0.018750
0 0.336719 0.517188 0.014844 0.017969
0 0.352344 0.619531 0.017188 0.032813
0 0.332031 0.509375 0.010156 0.021875
0 0.330469 0.503906 0.004688 0.014063
0 0.330469 0.716406 0.017187 0.020312
0 0.337500 0.503906 0.012500 0.014063
0 0.842187 0.832031 0.018750 0.020312
0 0.634375 0.783594 0.018750 0.020312
0 0.878906 0.832031 0.007812 0.026563
0 0.835156 0.818750 0.017188 0.021875
0 0.338281 0.500781 0.010937 0.010937
1 0.331250 0.587500 0.015625 0.021875
1 0.878125 0.830469 0.006250 0.023438
1 0.332813 0.563281 0.015625 0.029687
1 0.333594 0.534375 0.016406 0.021094
1 0.332031 0.568750 0.014062 0.025000
1 0.332813 0.560156 0.015625 0.026563
1 0.314844 0.796094 0.014063 0.014062
1 0.807031 0.698438 0.017188 0.034375
1 0.249219 0.802344 0.020313 0.026563
1 0.334375 0.532813 0.015625 0.018750
1 0.332813 0.548437 0.015625 0.021875
1 0.335156 0.586719 0.010937 0.020313
1 0.332031 0.542188 0.014062 0.018750
1 0.331250 0.607812 0.015625 0.028125
1 0.750000 0.647656 0.015625 0.029687
1 0.314844 0.672656 0.017187 0.035938
1 0.335156 0.540625 0.014062 0.015625
1 0.847656 0.817187 0.007812 0.015625
1 0.331250 0.585938 0.015625 0.018750
1 0.627344 0.664844 0.020313 0.031250
1 0.335156 0.532031 0.014062 0.017188
1 0.835156 0.817969 0.017188 0.020312
1 0.441406 0.711719 0.017188 0.032813
1 0.382031 0.564063 0.014062 0.028125
1 0.331250 0.571094 0.015625 0.023438
