0 0.341406 0.528906 0.014063 0.023438
0 0.428125 0.633594 0.018750 0.035938
0 0.755469 0.894531 0.035937 0.060938
0 0.164062 0.364062 0.021875 0.028125
0 0.695312 0.629687 0.018750 0.034375
0 0.344531 0.551562 0.007812 0.015625
0 0.318750 0.444531 0.015625 0.023438
0 0.719531 0.873437 0.032813 0.059375
1 0.018750 0.768750 0.025000 0.037500
1 0.353125 0.357031 0.012500 0.017187
1 0.686719 0.857031 0.029687 0.054688
1 0.368750 0.540625 0.015625 0.028125
1 0.023438 0.838281 0.046875 0.064063
1 0.354688 0.538281 0.012500 0.026562
1 0.434375 0.459375 0.012500 0.021875
1 0.618750 0.500000 0.012500 0.025000
1 0.478125 0.510156 0.012500 0.023438
1 0.655469 0.847656 0.029687 0.057813
1 0.669531 0.625000 0.020312 0.034375
1 0.662500 0.506250 0.015625 0.021875
