0 0.383594 0.606250 0.017969 0.016406
0 0.310156 0.408594 0.014844 0.024219
0 0.330469 0.389062 0.010937 0.018750
0 0.322656 0.395312 0.014063 0.018750
0 0.057031 0.589063 0.026563 0.018750
0 0.726562 0.815625 0.031250 0.059375
0 0.530469 0.410938 0.010937 0.021875
0 0.059375 0.597656 0.031250 0.035937
0 0.334375 0.386719 0.015625 0.017188
0 0.317969 0.395312 0.010937 0.018750
0 0.360156 0.357031 0.010937 0.020313
0 0.221875 0.496875 0.018750 0.028125
0 0.350781 0.367188 0.010937 0.018750
0 0.340625 0.376563 0.012500 0.018750
0 0.904688 0.628125 0.021875 0.025000
0 0.050781 0.569531 0.026562 0.023438
0 0.489844 0.396875 0.010937 0.018750
0 0.332812 0.390625 0.012500 0.021875
0 0.376563 0.340625 0.012500 0.015625
0 0.164062 0.564063 0.021875 0.034375
1 0.753125 0.455469 0.028125 0.045313
1 0.161719 0.553906 0.023438 0.020313
1 0.388281 0.921875 0.026562 0.065625
1 0.545312 0.414844 0.012500 0.020313
1 0.050781 0.578125 0.026562 0.037500
1 0.369531 0.349219 0.010156 0.024219
1 0.377344 0.340625 0.010937 0.015625
1 0.279687 0.454688 0.015625 0.025000
1 0.692187 0.582812 0.025000 0.037500
1 0.366406 0.350781 0.007812 0.023438
1 0.161719 0.540625 0.020313 0.012500
1 0.059375 0.598437 0.031250 0.037500
1 0.636719 0.664844 0.020312 0.035938
1 0.053906 0.620313 0.029688 0.040625
1 0.162500 0.564063 0.021875 0.034375
1 0.141406 0.564063 0.020312 0.034375
1 0.221875 0.496875 0.018750 0.028125
1 0.361719 0.357812 0.010937 0.018750
1 0.611719 0.533594 0.017188 0.029687
1 0.341406 0.377344 0.010937 0.017187
1 0.161719 0.547656 0.023438 0.010937
1 0.350000 0.367188 0.012500 0.018750
1 0.631250 0.825000 0.021875 0.053125
1 0.310156 0.407813 0.010937 0.018750
1 0.696094 0.554688 0.020313 0.031250
