0 0.464844 0.843750 0.010938 0.018750
0 0.261719 0.653906 0.014062 0.010938
0 0.500000 0.612500 0.015625 0.037500
0 0.680469 0.613281 0.007812 0.017187
0 0.445312 0.703906 0.009375 0.020313
0 0.432813 0.822656 0.012500 0.007812
0 0.822656 0.891406 0.014062 0.014062
0 0.667188 0.824219 0.018750 0.023438
0 0.262500 0.660156 0.015625 0.020312
0 0.835938 0.903906 0.009375 0.023438
0 0.990625 0.631250 0.015625 0.028125
0 0.467187 0.669531 0.009375 0.014062
0 0.450781 0.849219 0.020313 0.029687
0 0.270313 0.621875 0.009375 0.012500
0 0.682813 0.835938 0.006250 0.012500
1 0.671094 0.672656 0.007812 0.020313
1 0.824219 0.906250 0.017187 0.018750
1 0.676562 0.662500 0.012500 0.018750
1 0.274219 0.630469 0.010937 0.014062
1 0.271094 0.646875 0.010937 0.018750
1 0.836719 0.903125 0.010937 0.025000
1 0.822656 0.891406 0.016406 0.014844
1 0.271875 0.650781 0.006250 0.014062
1 0.249219 0.738281 0.017187 0.029688
1 0.278906 0.626563 0.007812 0.015625
1 0.270312 0.633594 0.012500 0.017188
1 0.270313 0.623437 0.009375 0.015625
1 0.265625 0.636719 0.013281 0.021094
1 0.260938 0.653125 0.012500 0.012500
1 0.261719 0.658594 0.014062 0.020312
1 0.257812 0.672656 0.015625 0.026562
1 0.452344 0.849219 0.022656 0.030469
1 0.635938 0.740625 0.015625 0.028125
1 0.667188 0.824219 0.018750 0.023438
1 0.465625 0.843750 0.009375 0.018750
1 0.559375 0.457813 0.012500 0.025000
1 0.685937 0.713281 0.015625 0.026563
1 0.610938 0.404687 0.012500 0.025000
1 0.272656 0.636719 0.010937 0.017187
1 0.682031 0.835156 0.004687 0.010937
