0 0.215625 0.178906 0.043750 0.032812
0 0.447656 0.548438 0.026562 0.012500
0 0.449219 0.649219 0.026563 0.017188
0 0.377344 0.412500 0.026562 0.012500
0 0.360156 0.154688 0.045312 0.028125
0 0.620313 0.783594 0.018750 0.013281
0 0.349219 0.371875 0.029688 0.015625
0 0.021875 0.350781 0.043750 0.035938
0 0.451562 0.619531 0.028125 0.014062
0 0.176563 0.319531 0.053125 0.026562
0 0.609375 0.524219 0.021875 0.010937
1 0.693750 0.199219 0.034375 0.023438
1 0.039062 0.382031 0.065625 0.032813
1 0.194531 0.346094 0.051562 0.023438
1 0.503906 0.506250 0.021875 0.012500
1 0.153906 0.292187 0.054688 0.031250
1 0.405469 0.624219 0.032813 0.017188
1 0.074219 0.408594 0.060938 0.029688
1 0.450781 0.619531 0.026562 0.014062
1 0.264844 0.255469 0.042188 0.023438
1 0.496094 0.616406 0.017187 0.010937
1 0.432813 0.667969 0.028125 0.017187
1 0.419531 0.629687 0.023438 0.015625
1 0.506250 0.606250 0.018750 0.012500
1 0.464844 0.517969 0.025781 0.013281
