0 0.485938 0.476562 0.009375 0.018750
0 0.462500 0.467969 0.012500 0.017188
0 0.526563 0.496094 0.012500 0.023438
0 0.274219 0.454688 0.010937 0.018750
0 0.261719 0.463281 0.017188 0.029688
0 0.477344 0.474219 0.010937 0.020313
0 0.274219 0.446875 0.010937 0.018750
0 0.460156 0.484375 0.014062 0.021875
0 0.272656 0.456250 0.007812 0.015625
0 0.103906 0.789062 0.032813 0.050000
0 0.276562 0.443750 0.015625 0.021875
0 0.409375 0.464844 0.009375 0.020312
0 0.262500 0.455469 0.015625 0.023438
0 0.246875 0.480469 0.015625 0.026563
0 0.258594 0.467187 0.017188 0.021875
0 0.223438 0.509375 0.015625 0.025000
0 0.512500 0.487500 0.012500 0.021875
0 0.420312 0.466406 0.012500 0.020313
0 0.439844 0.482812 0.010937 0.021875
0 0.268750 0.454688 0.012500 0.021875
1 0.439844 0.482812 0.010937 0.021875
1 0.135156 0.509375 0.014063 0.025000
1 0.301563 0.304688 0.009375 0.015625
1 0.287500 0.432031 0.012500 0.020313
1 0.234375 0.492969 0.015625 0.026562
1 0.208594 0.525000 0.017187 0.025000
1 0.296875 0.421094 0.012500 0.023438
1 0.272656 0.598437 0.017188 0.031250
1 0.643750 0.682813 0.021875 0.037500
1 0.650781 0.614844 0.020312 0.023438
1 0.246875 0.481250 0.015625 0.025000
1 0.639063 0.689062 0.009375 0.025000
1 0.420312 0.466406 0.012500 0.017187
1 0.648438 0.652344 0.015625 0.026563
1 0.639062 0.654688 0.015625 0.025000
1 0.463281 0.468750 0.010937 0.018750
1 0.634375 0.629687 0.015625 0.031250
1 0.648438 0.642969 0.015625 0.029687
