0 0.157812 0.822656 0.018750 0.010938
0 0.531250 0.675000 0.009375 0.015625
0 0.594531 0.829687 0.010937 0.021875
0 0.276562 0.643750 0.009375 0.012500
0 0.712500 0.836719 0.017969 0.029687
0 0.157031 0.829688 0.017187 0.012500
0 0.495312 0.826563 0.018750 0.037500
0 0.289844 0.735938 0.014062 0.028125
0 0.614844 0.717969 0.014062 0.026562
0 0.275781 0.669531 0.014063 0.023438
0 0.173437 0.593750 0.018750 0.012500
0 0.278906 0.650781 0.014063 0.017188
0 0.408594 0.856250 0.004688 0.009375
0 0.269531 0.684375 0.014062 0.021875
0 0.704688 0.814844 0.012500 0.020312
1 0.349219 0.851562 0.020313 0.034375
1 0.292187 0.626563 0.009375 0.018750
1 0.704688 0.792969 0.018750 0.010938
1 0.158594 0.823438 0.017187 0.012500
1 0.277344 0.670313 0.010938 0.021875
1 0.289062 0.622656 0.012500 0.020312
1 0.820312 0.858594 0.021875 0.026562
1 0.495312 0.827344 0.018750 0.035938
1 0.182812 0.863281 0.018750 0.035937
1 0.285938 0.632031 0.015625 0.026562
1 0.285937 0.639844 0.012500 0.017188
1 0.314063 0.744531 0.015625 0.029687
1 0.271094 0.662500 0.014063 0.021875
1 0.642969 0.720313 0.014062 0.031250
1 0.278125 0.665625 0.009375 0.025000
1 0.260937 0.703906 0.015625 0.032813
1 0.157031 0.829688 0.017187 0.012500
1 0.282031 0.634375 0.014062 0.025000
1 0.619531 0.842188 0.020312 0.037500
1 0.642969 0.835156 0.020312 0.039062
1 0.200000 0.860156 0.015625 0.035938
1 0.692187 0.696875 0.015625 0.028125
1 0.286719 0.619531 0.014063 0.017188
