0 0.737500 0.575781 0.018750 0.023438
0 0.353125 0.443750 0.006250 0.015625
0 0.556250 0.457812 0.015625 0.018750
0 0.342969 0.448438 0.010937 0.018750
0 0.387500 0.487500 0.012500 0.021875
0 0.350781 0.437500 0.007812 0.015625
0 0.277344 0.617969 0.010938 0.035938
0 0.646094 0.907813 0.023438 0.031250
0 0.347656 0.440625 0.010938 0.015625
0 0.345313 0.446094 0.012500 0.020313
0 0.648438 0.925781 0.028125 0.064062
0 0.333594 0.460938 0.010937 0.028125
0 0.312500 0.504687 0.015625 0.025000
0 0.356250 0.438281 0.009375 0.017188
0 0.682813 0.821094 0.018750 0.029687
0 0.644531 0.853906 0.029688 0.060937
0 0.617188 0.749219 0.025000 0.048438
0 0.547656 0.447656 0.010937 0.017187
1 0.548438 0.853906 0.028125 0.057813
1 0.675000 0.767969 0.025000 0.045312
1 0.557031 0.457812 0.014062 0.018750
1 0.746875 0.535156 0.018750 0.023438
1 0.278906 0.619531 0.010937 0.032813
1 0.684375 0.793750 0.025000 0.037500
1 0.333594 0.460156 0.010937 0.026562
1 0.396875 0.492188 0.009375 0.025000
1 0.403906 0.496094 0.014063 0.023438
1 0.722656 0.646094 0.026563 0.035937
1 0.311719 0.503906 0.014062 0.023438
1 0.732031 0.597656 0.020312 0.026563
1 0.657813 0.822656 0.028125 0.048438
1 0.664062 0.885156 0.021875 0.039062
1 0.585938 0.835156 0.028125 0.057812
1 0.673437 0.850000 0.021875 0.034375
1 0.726562 0.618750 0.021875 0.025000
1 0.742969 0.554688 0.017188 0.021875
