0 0.842969 0.972656 0.035938 0.035937
0 0.896094 0.964844 0.017188 0.020312
0 0.278125 0.552344 0.025000 0.048438
0 0.851562 0.911719 0.018750 0.023438
0 0.385937 0.492188 0.018750 0.035937
1 0.771875 0.797656 0.031250 0.051563
1 0.722656 0.585156 0.029688 0.048438
1 0.859375 0.958594 0.031250 0.035937
1 0.810938 0.967188 0.037500 0.040625
1 0.664844 0.654687 0.029687 0.058594
1 0.351562 0.927344 0.034375 0.060937
1 0.735938 0.630469 0.028125 0.051562
1 0.864844 0.971094 0.017188 0.032813
1 0.832812 0.803125 0.012500 0.037500
1 0.863281 0.914062 0.023438 0.018750
1 0.675000 0.339844 0.025000 0.042188
1 0.749219 0.543750 0.026562 0.043750
1 0.728906 0.596875 0.023438 0.034375
1 0.892187 0.950000 0.009375 0.015625
1 0.852344 0.910937 0.020313 0.025000
1 0.835938 0.953125 0.015625 0.015625
