0 0.967969 0.767188 0.014062 0.015625
0 0.507031 0.817187 0.016406 0.019531
0 0.551562 0.798438 0.015625 0.018750
0 0.505469 0.833594 0.014062 0.017188
0 0.977344 0.813281 0.017188 0.020313
0 0.978125 0.841406 0.012500 0.032813
0 0.975000 0.800781 0.018750 0.023438
0 0.989062 0.859375 0.015625 0.021875
0 0.507812 0.800781 0.015625 0.014063
0 0.564063 0.989062 0.015625 0.018750
0 0.967969 0.803906 0.007812 0.020313
1 0.505469 0.905469 0.017187 0.023438
1 0.510156 0.774219 0.014062 0.017188
1 0.963281 0.788281 0.004687 0.020313
1 0.991406 0.880469 0.014062 0.029687
1 0.508594 0.785937 0.014062 0.015625
1 0.505469 0.857031 0.017187 0.032813
1 0.983594 0.832812 0.020313 0.028125
1 0.967187 0.767188 0.015625 0.015625
1 0.979688 0.846875 0.012500 0.021875
1 0.505469 0.833594 0.014062 0.017188
1 0.992188 0.842969 0.012500 0.020313
1 0.507812 0.802344 0.015625 0.017188
1 0.971875 0.782813 0.012500 0.015625
1 0.510156 0.760938 0.014062 0.018750
1 0.504687 0.931250 0.015625 0.028125
1 0.969531 0.786719 0.017188 0.023438
1 0.588281 0.799219 0.014062 0.029687
1 0.498437 0.952344 0.018750 0.026562
1 0.989844 0.859375 0.017188 0.021875
