0 0.469531 0.508594 0.010937 0.023437
0 0.283594 0.492969 0.010937 0.020313
0 0.271875 0.504687 0.015625 0.025000
0 0.505469 0.496875 0.013281 0.020313
0 0.490625 0.494531 0.012500 0.020312
0 0.313281 0.458594 0.014062 0.020313
0 0.176563 0.514063 0.012500 0.021875
0 0.396094 0.550000 0.010937 0.012500
0 0.260156 0.517969 0.015625 0.024219
0 0.436719 0.482812 0.004688 0.015625
0 0.293750 0.479687 0.012500 0.021875
0 0.640625 0.539844 0.012500 0.023438
0 0.514844 0.501563 0.007812 0.018750
0 0.446875 0.485156 0.012500 0.020313
0 0.646094 0.551562 0.017188 0.028125
0 0.246094 0.533594 0.017188 0.029687
0 0.603906 0.530469 0.014062 0.023438
0 0.302344 0.470313 0.014063 0.021875
0 0.664844 0.662500 0.020313 0.037500
1 0.670312 0.571875 0.015625 0.028125
1 0.246094 0.535156 0.017188 0.026563
1 0.176563 0.514063 0.012500 0.021875
1 0.468750 0.507031 0.012500 0.020313
1 0.111719 0.680469 0.023438 0.035938
1 0.155469 0.792188 0.029688 0.046875
1 0.492188 0.494531 0.012500 0.020312
1 0.674219 0.714063 0.023438 0.040625
1 0.283594 0.492969 0.014063 0.020313
1 0.651563 0.599219 0.015625 0.029687
1 0.446094 0.484375 0.010937 0.018750
1 0.272656 0.504687 0.014062 0.025000
1 0.678906 0.683594 0.020313 0.039062
1 0.557813 0.578125 0.015625 0.028125
1 0.338281 0.323437 0.007812 0.015625
1 0.664844 0.660937 0.020313 0.034375
