0 0.209375 0.165625 0.015625 0.021875
0 0.142969 0.852344 0.026562 0.051563
0 0.712500 0.883594 0.034375 0.057812
0 0.707812 0.788281 0.026562 0.050781
0 0.720313 0.865625 0.015625 0.025000
0 0.129688 0.789062 0.025000 0.050000
0 0.696875 0.832812 0.025000 0.021875
0 0.155469 0.917188 0.029688 0.040625
1 0.680469 0.788281 0.026562 0.048438
1 0.092969 0.917969 0.029688 0.039062
1 0.725781 0.842969 0.026562 0.042187
1 0.667188 0.842969 0.028125 0.039062
1 0.124219 0.917969 0.029688 0.039062
1 0.157031 0.788281 0.026563 0.048438
1 0.171875 0.851562 0.028125 0.053125
1 0.185156 0.788281 0.026562 0.048438
1 0.114062 0.854688 0.028125 0.053125
1 0.653125 0.788281 0.025000 0.048438
1 0.349219 0.885938 0.032812 0.056250
