0 0.742969 0.534375 0.017188 0.015625
0 0.712500 0.582031 0.015625 0.029688
0 0.729688 0.404687 0.015625 0.031250
0 0.790625 0.769531 0.018750 0.020312
0 0.202344 0.746875 0.014063 0.009375
0 0.282031 0.632031 0.017188 0.026562
0 0.739844 0.554688 0.007812 0.025000
0 0.783594 0.739062 0.017188 0.018750
0 0.285938 0.540625 0.015625 0.015625
0 0.207813 0.750000 0.021875 0.015625
0 0.844531 0.784375 0.007812 0.018750
0 0.232031 0.760156 0.010937 0.023438
0 0.828906 0.767969 0.010937 0.017188
0 0.801562 0.754687 0.015625 0.031250
0 0.809375 0.739062 0.015625 0.018750
0 0.277344 0.656250 0.017188 0.034375
0 0.817187 0.781250 0.018750 0.021875
0 0.800000 0.729688 0.015625 0.021875
0 0.753125 0.578906 0.018750 0.042187
0 0.746094 0.553906 0.017187 0.023438
0 0.831250 0.783594 0.009375 0.017188
0 0.727344 0.434375 0.020313 0.028125
0 0.767188 0.728906 0.018750 0.035937
0 0.810937 0.767969 0.018750 0.017188
0 0.796094 0.781250 0.020313 0.018750
0 0.739844 0.521875 0.017969 0.021875
1 0.796875 0.782031 0.018750 0.017188
1 0.800000 0.744531 0.012500 0.010938
1 0.800781 0.755469 0.014063 0.029687
1 0.326562 0.574219 0.015625 0.029688
1 0.285938 0.539844 0.015625 0.017188
1 0.728906 0.404687 0.017969 0.031250
1 0.204688 0.761719 0.021875 0.020312
1 0.286719 0.526563 0.014063 0.018750
1 0.319531 0.707031 0.019531 0.035156
1 0.718750 0.412500 0.009375 0.018750
1 0.284375 0.560156 0.018750 0.029687
1 0.817187 0.781250 0.018750 0.021875
1 0.385937 0.521875 0.015625 0.028125
1 0.783594 0.738281 0.017188 0.017187
1 0.752344 0.579687 0.017188 0.037500
1 0.727344 0.435937 0.019531 0.026562
1 0.811719 0.767969 0.017188 0.017188
1 0.830469 0.783594 0.007812 0.017188
1 0.579688 0.734375 0.018750 0.015625
1 0.687500 0.589063 0.015625 0.028125
1 0.791406 0.768750 0.017188 0.018750
1 0.231250 0.760156 0.009375 0.023438
1 0.742969 0.534375 0.017188 0.018750
1 0.828906 0.768750 0.010937 0.015625
