0 0.649219 0.549219 0.017188 0.023438
0 0.441406 0.483594 0.007812 0.020313
0 0.651563 0.552344 0.015625 0.026563
0 0.439844 0.339062 0.010937 0.025000
0 0.265625 0.517969 0.015625 0.020312
0 0.474219 0.471094 0.017187 0.014063
0 0.509375 0.496094 0.012500 0.020312
0 0.648438 0.539062 0.015625 0.018750
0 0.250781 0.533594 0.014063 0.029687
0 0.276562 0.505469 0.015625 0.020313
0 0.645312 0.544531 0.012500 0.014062
0 0.610156 0.529688 0.014062 0.025000
0 0.645312 0.537500 0.012500 0.018750
0 0.489062 0.514844 0.012500 0.014062
0 0.519531 0.501563 0.007812 0.018750
0 0.452344 0.485156 0.010937 0.023438
0 0.647656 0.540625 0.014062 0.015625
1 0.657031 0.599219 0.017188 0.029687
1 0.183594 0.511719 0.010937 0.023438
1 0.277344 0.504687 0.014062 0.018750
1 0.375000 0.283594 0.012500 0.023438
1 0.452344 0.485938 0.010937 0.021875
1 0.686719 0.684375 0.020313 0.037500
1 0.250781 0.534375 0.014063 0.025000
1 0.671875 0.662500 0.018750 0.037500
1 0.679688 0.714844 0.021875 0.042188
1 0.676562 0.571875 0.015625 0.028125
