0 0.130469 0.993750 0.020312 0.009375
0 0.130469 0.971094 0.020312 0.026563
0 0.332031 0.817969 0.007812 0.017188
0 0.106250 0.942969 0.018750 0.017188
0 0.130469 0.967188 0.020312 0.021875
0 0.678906 0.966406 0.010156 0.030469
0 0.153125 0.750000 0.015625 0.025000
0 0.162500 0.981250 0.025000 0.034375
0 0.333594 0.817187 0.010937 0.018750
0 0.131250 0.963281 0.021875 0.029687
0 0.556250 0.800000 0.015625 0.034375
0 0.661719 0.968750 0.023438 0.037500
0 0.130469 0.967188 0.020312 0.021875
0 0.128906 0.976562 0.017188 0.021875
1 0.129688 0.993750 0.018750 0.009375
1 0.097656 0.796094 0.020313 0.039844
1 0.314063 0.893750 0.021875 0.040625
1 0.379688 0.971875 0.025000 0.026562
1 0.141406 0.862500 0.020312 0.040625
1 0.332813 0.694531 0.017969 0.032031
1 0.150781 0.772656 0.020313 0.032813
1 0.422656 0.969531 0.007812 0.029687
1 0.661719 0.968750 0.023438 0.037500
1 0.571094 0.866406 0.020313 0.039062
1 0.230469 0.725781 0.019531 0.035156
