0 0.880469 0.743750 0.039062 0.056250
0 0.009375 0.554688 0.018750 0.053125
0 0.799219 0.895312 0.042188 0.071875
0 0.046875 0.478906 0.018750 0.031250
0 0.930469 0.757031 0.042187 0.060937
0 0.992969 0.810156 0.010937 0.035937
0 0.535937 0.784375 0.028125 0.059375
0 0.510938 0.226562 0.012500 0.021875
0 0.316406 0.428125 0.014062 0.031250
1 0.666406 0.404687 0.014062 0.021875
1 0.817187 0.425000 0.009375 0.031250
1 0.850000 0.570312 0.025000 0.050000
1 0.046875 0.478906 0.015625 0.029688
1 0.417187 0.450000 0.025000 0.050000
1 0.507031 0.412500 0.014062 0.025000
1 0.845313 0.529687 0.018750 0.034375
1 0.475000 0.372656 0.012500 0.020313
1 0.842969 0.499219 0.014062 0.026562
1 0.337500 0.396094 0.012500 0.020313
1 0.826563 0.494531 0.009375 0.020312
1 0.826563 0.480469 0.009375 0.029687
1 0.692969 0.406250 0.015625 0.024219
1 0.327344 0.409375 0.017188 0.028125
1 0.835156 0.478125 0.026562 0.028125
1 0.855469 0.578906 0.017187 0.032813
1 0.847656 0.557813 0.020312 0.025000
1 0.829687 0.509375 0.009375 0.028125
1 0.841406 0.477344 0.014062 0.026562
1 0.836719 0.504687 0.028906 0.035156
