0 0.377344 0.742969 0.089062 0.054688
0 0.176563 0.315625 0.028125 0.015625
0 0.192188 0.148438 0.040625 0.015625
0 0.221875 0.321875 0.018750 0.012500
0 0.006250 0.335938 0.012500 0.025000
0 0.428125 0.556250 0.031250 0.018750
0 0.192969 0.160156 0.042187 0.035938
0 0.217187 0.341406 0.021875 0.017187
0 0.476562 0.499219 0.021875 0.010937
0 0.276562 0.322656 0.015625 0.010937
0 0.419531 0.541406 0.026562 0.014062
0 0.225781 0.157031 0.042188 0.032812
1 0.021094 0.366406 0.042188 0.032813
1 0.476562 0.499219 0.021875 0.010937
1 0.321875 0.717188 0.037500 0.021875
1 0.240625 0.240625 0.043750 0.025000
1 0.043750 0.392188 0.062500 0.031250
1 0.380469 0.712500 0.026562 0.006250
1 0.428125 0.556250 0.028125 0.018750
1 0.485938 0.591406 0.021875 0.014062
1 0.436719 0.510938 0.023438 0.012500
