0 0.783594 0.576563 0.017188 0.021875
0 0.270312 0.505469 0.018750 0.032812
0 0.277344 0.487500 0.010938 0.018750
0 0.778125 0.579688 0.025000 0.031250
0 0.595313 0.464844 0.012500 0.020312
0 0.783594 0.601562 0.026563 0.028125
0 0.361719 0.771094 0.010937 0.023438
0 0.014844 0.837500 0.029687 0.050000
0 0.341406 0.395313 0.014063 0.021875
0 0.212500 0.291406 0.012500 0.023438
0 0.283594 0.487500 0.017187 0.021875
0 0.786719 0.632031 0.029687 0.039062
0 0.608594 0.463281 0.014062 0.026562
0 0.649219 0.471094 0.017969 0.028125
0 0.770312 0.582031 0.009375 0.029688
1 0.648438 0.471875 0.015625 0.025000
1 0.416406 0.813281 0.026562 0.054688
1 0.786719 0.632031 0.026563 0.039062
1 0.607812 0.462500 0.012500 0.025000
1 0.499219 0.444531 0.010937 0.017188
1 0.271094 0.503906 0.017187 0.032812
1 0.623437 0.479687 0.012500 0.025000
1 0.544531 0.947656 0.032813 0.070312
1 0.437500 0.446094 0.012500 0.020313
1 0.783594 0.600781 0.023438 0.026562
