0 0.454688 0.807813 0.019531 0.030469
0 0.826563 0.840625 0.009375 0.025000
0 0.842188 0.839844 0.006250 0.014063
0 0.473437 0.809375 0.018750 0.031250
0 0.285938 0.603906 0.015625 0.017188
0 0.271094 0.653125 0.017187 0.028125
0 0.288281 0.586719 0.010937 0.017188
0 0.291406 0.586719 0.017187 0.023438
1 0.708594 0.817187 0.020312 0.037500
1 0.288281 0.586719 0.010937 0.017188
1 0.850781 0.837500 0.007812 0.018750
1 0.291406 0.587500 0.017187 0.025000
1 0.302344 0.810156 0.020313 0.026563
1 0.632812 0.808594 0.019531 0.026562
1 0.295312 0.588281 0.012500 0.023438
1 0.279687 0.625781 0.018750 0.035938
