0 0.346094 0.637500 0.017187 0.034375
0 0.082812 0.562500 0.015625 0.009375
0 0.681250 0.698438 0.015625 0.028125
0 0.707812 0.814844 0.021875 0.039062
0 0.081250 0.553125 0.015625 0.015625
0 0.072656 0.655469 0.020312 0.020313
0 0.724219 0.866406 0.023438 0.026562
0 0.405469 0.563281 0.014062 0.026562
0 0.620313 0.563281 0.021875 0.026562
0 0.082031 0.561719 0.017188 0.012500
0 0.081250 0.568750 0.015625 0.018750
0 0.680469 0.702344 0.020313 0.035938
0 0.615625 0.547656 0.018750 0.029687
0 0.700781 0.867969 0.022656 0.028125
0 0.661719 0.705469 0.012500 0.039062
0 0.623437 0.578906 0.018750 0.023438
1 0.714063 0.854688 0.015625 0.018750
1 0.074219 0.637500 0.017187 0.018750
1 0.630469 0.604688 0.020312 0.046875
1 0.078125 0.588281 0.015625 0.017188
1 0.753125 0.855469 0.012500 0.020312
1 0.691406 0.860937 0.020312 0.021875
1 0.071875 0.679688 0.021875 0.034375
1 0.077344 0.603125 0.017187 0.018750
1 0.725000 0.865625 0.021875 0.028125
1 0.075781 0.619531 0.017188 0.020312
1 0.628125 0.607812 0.015625 0.046875
1 0.701563 0.868750 0.021875 0.025000
1 0.619531 0.564063 0.020312 0.028125
1 0.644531 0.640625 0.017188 0.046094
1 0.730469 0.852344 0.014063 0.014062
