0 0.269531 0.840625 0.007812 0.012500
0 0.698438 0.848437 0.015625 0.018750
0 0.616406 0.672656 0.010937 0.020313
0 0.261719 0.843750 0.014062 0.015625
0 0.710156 0.726562 0.014062 0.028125
0 0.246875 0.842969 0.012500 0.017188
0 0.703125 0.874219 0.012500 0.017188
0 0.257031 0.819531 0.014062 0.010937
0 0.354688 0.746094 0.012500 0.023438
0 0.687500 0.874219 0.015625 0.020313
0 0.682031 0.482812 0.010938 0.018750
0 0.709375 0.705469 0.009375 0.014062
1 0.360938 0.771875 0.012500 0.025000
1 0.447656 0.732812 0.007812 0.015625
1 0.230469 0.842187 0.014062 0.015625
1 0.663281 0.798437 0.014062 0.021875
1 0.333594 0.757031 0.018750 0.031250
1 0.328906 0.807813 0.014062 0.028125
1 0.502344 0.667188 0.010937 0.021875
1 0.616406 0.672656 0.010937 0.021875
1 0.710156 0.725781 0.014062 0.026562
1 0.269531 0.840625 0.007812 0.012500
1 0.392188 0.819531 0.012500 0.026562
1 0.610156 0.638281 0.010937 0.023438
1 0.663281 0.778906 0.014062 0.017188
1 0.638281 0.671094 0.010938 0.020313
