0 0.289844 0.825781 0.017188 0.017188
0 0.327344 0.825000 0.017188 0.015625
0 0.644531 0.757031 0.014063 0.026562
0 0.322656 0.767969 0.014063 0.026563
0 0.325000 0.797656 0.015625 0.029687
0 0.659375 0.833594 0.012500 0.010938
0 0.310156 0.846875 0.014063 0.009375
0 0.643750 0.786719 0.015625 0.029687
0 0.200781 0.871094 0.020313 0.017187
0 0.640625 0.812500 0.015625 0.015625
0 0.639844 0.812500 0.017188 0.015625
0 0.201562 0.897656 0.009375 0.014062
1 0.201563 0.871094 0.018750 0.017187
1 0.342187 0.796875 0.017188 0.032031
1 0.675781 0.811719 0.017187 0.014062
1 0.309375 0.824219 0.018750 0.017187
1 0.189062 0.909375 0.015625 0.034375
1 0.201563 0.871875 0.018750 0.018750
1 0.289844 0.825000 0.017188 0.015625
1 0.353906 0.767188 0.014063 0.028125
1 0.307812 0.798438 0.015625 0.031250
1 0.629687 0.757031 0.012500 0.026562
1 0.338281 0.767969 0.014063 0.029687
1 0.659375 0.833594 0.012500 0.010938
1 0.628125 0.786719 0.015625 0.029687
1 0.614844 0.757812 0.014062 0.028125
1 0.639844 0.812500 0.017188 0.015625
1 0.660156 0.785937 0.014063 0.031250
