0 0.384375 0.810156 0.025000 0.017188
0 0.382031 0.713281 0.029687 0.017188
0 0.361719 0.789844 0.029688 0.017188
0 0.358594 0.760938 0.032813 0.018750
0 0.242969 0.167969 0.029688 0.020313
0 0.265625 0.160156 0.025000 0.020313
0 0.450000 0.775781 0.031250 0.020312
0 0.584375 0.738281 0.015625 0.010938
0 0.358594 0.806250 0.031250 0.014844
1 0.475000 0.574219 0.015625 0.010938
1 0.159375 0.191406 0.031250 0.017188
1 0.358594 0.806250 0.029687 0.012500
1 0.405469 0.668750 0.023438 0.015625
1 0.383594 0.810937 0.023438 0.015625
1 0.361719 0.789062 0.029688 0.018750
1 0.189062 0.182812 0.028125 0.018750
1 0.303125 0.831250 0.037500 0.021875
1 0.309375 0.849219 0.034375 0.020312
1 0.452344 0.599219 0.026562 0.010938
1 0.439063 0.792188 0.028125 0.018750
1 0.214062 0.175781 0.028125 0.020313
1 0.420312 0.602344 0.015625 0.010937
1 0.304688 0.868750 0.037500 0.018750
