0 0.309375 0.460156 0.015625 0.026562
0 0.040625 0.628125 0.025000 0.028125
0 0.119531 0.621875 0.020313 0.037500
0 0.347656 0.601562 0.014062 0.012500
0 0.322656 0.446094 0.010937 0.017188
0 0.602344 0.741406 0.023438 0.048438
0 0.323437 0.440625 0.009375 0.015625
0 0.327344 0.439063 0.007812 0.018750
0 0.141406 0.622656 0.023438 0.035937
0 0.661719 0.853125 0.023438 0.056250
0 0.717188 0.563281 0.021875 0.026562
0 0.334375 0.436719 0.009375 0.017188
0 0.669531 0.775781 0.026563 0.042188
0 0.639062 0.873437 0.031250 0.062500
0 0.527344 0.440625 0.010938 0.012500
0 0.514844 0.335938 0.020313 0.037500
0 0.328906 0.440625 0.020313 0.025000
0 0.925000 0.680469 0.021875 0.026562
1 0.146094 0.599219 0.010937 0.014062
1 0.785937 0.304688 0.018750 0.031250
1 0.127344 0.607031 0.010938 0.017188
1 0.121094 0.620313 0.021094 0.036719
1 0.703906 0.635156 0.026562 0.035937
1 0.310937 0.459375 0.015625 0.025781
1 0.626562 0.760938 0.025000 0.050000
1 0.046094 0.641406 0.029687 0.032813
1 0.530469 0.450000 0.010937 0.021875
1 0.538281 0.451562 0.014062 0.018750
1 0.713281 0.585156 0.020312 0.023438
1 0.561719 0.453906 0.011719 0.018750
1 0.629687 0.594531 0.018750 0.032813
1 0.727344 0.524219 0.017188 0.023438
1 0.527344 0.441406 0.010938 0.014062
1 0.668750 0.811719 0.021875 0.039062
1 0.604688 0.565625 0.015625 0.031250
1 0.660937 0.854688 0.021875 0.056250
1 0.708594 0.607812 0.020312 0.028125
1 0.610156 0.295312 0.017188 0.031250
1 0.704688 0.226562 0.018750 0.034375
1 0.288281 0.505469 0.014062 0.023438
1 0.721875 0.543750 0.018750 0.021875
