0 0.733594 0.518750 0.017188 0.031250
0 0.236719 0.474219 0.017187 0.020313
0 0.802344 0.670313 0.007812 0.025000
0 0.239063 0.428906 0.015625 0.014062
0 0.749219 0.516406 0.014062 0.029687
0 0.819531 0.669531 0.007812 0.010938
0 0.460156 0.442187 0.014062 0.028125
0 0.568750 0.617969 0.018750 0.023438
0 0.519531 0.404687 0.010938 0.021875
0 0.209375 0.650781 0.021875 0.020312
0 0.727344 0.487500 0.017188 0.031250
0 0.706250 0.411719 0.015625 0.023438
1 0.239063 0.442187 0.015625 0.012500
1 0.713281 0.421875 0.014063 0.017188
1 0.710938 0.453906 0.009375 0.026562
1 0.705469 0.429688 0.010938 0.015625
1 0.706250 0.437500 0.009375 0.021875
1 0.717187 0.458594 0.012500 0.029688
1 0.716406 0.432812 0.014062 0.021875
1 0.242188 0.400000 0.012500 0.012500
1 0.239063 0.449219 0.015625 0.026563
1 0.767969 0.671094 0.020312 0.023438
1 0.241406 0.413281 0.014063 0.014062
1 0.582812 0.628125 0.020313 0.039062
1 0.204688 0.664844 0.021875 0.023438
1 0.235156 0.495313 0.017187 0.031250
1 0.721094 0.447656 0.010938 0.023438
1 0.237500 0.454688 0.015625 0.018750
1 0.213281 0.639844 0.020313 0.023438
1 0.704687 0.431250 0.009375 0.015625
1 0.714844 0.457031 0.010938 0.029687
1 0.803906 0.670313 0.010937 0.025000
1 0.639844 0.503906 0.007812 0.029688
1 0.725781 0.462500 0.010937 0.018750
1 0.714063 0.434375 0.015625 0.018750
1 0.717969 0.463281 0.010937 0.023438
1 0.626563 0.503125 0.015625 0.031250
1 0.703906 0.395312 0.014062 0.018750
1 0.717187 0.433594 0.012500 0.020312
1 0.715625 0.452344 0.015625 0.029687
1 0.210156 0.675781 0.014063 0.026563
1 0.785156 0.632031 0.020312 0.026562
