0 0.260938 0.639062 0.012500 0.028125
0 0.326562 0.555469 0.014844 0.025000
0 0.033594 0.517969 0.014063 0.021875
0 0.193750 0.718750 0.024219 0.037500
0 0.032813 0.410937 0.015625 0.034375
0 0.245312 0.638281 0.015625 0.029687
1 0.157812 0.632812 0.018750 0.037500
1 0.276562 0.639844 0.015625 0.029687
1 0.223438 0.704688 0.022656 0.034375
1 0.175000 0.717188 0.018750 0.037500
1 0.215625 0.727344 0.021875 0.039062
1 0.264062 0.750000 0.021875 0.040625
1 0.339063 0.561719 0.012500 0.023438
1 0.260156 0.639062 0.014063 0.028125
