0 0.116406 0.661719 0.014063 0.017188
0 0.110156 0.604688 0.023438 0.034375
0 0.354687 0.483594 0.009375 0.017188
0 0.712500 0.804688 0.018750 0.021875
0 0.400000 0.437500 0.012500 0.021875
0 0.081250 0.667188 0.015625 0.009375
0 0.085938 0.675781 0.012500 0.020312
0 0.712500 0.817187 0.018750 0.046875
0 0.075781 0.679688 0.020312 0.028125
0 0.132031 0.598437 0.023437 0.037500
0 0.372656 0.464844 0.010937 0.017188
0 0.348438 0.488281 0.009375 0.017188
0 0.147656 0.672656 0.017187 0.026562
0 0.710156 0.828125 0.014062 0.025000
0 0.382031 0.455469 0.010937 0.017187
0 0.330469 0.508594 0.014063 0.026562
0 0.542188 0.555469 0.012500 0.023438
0 0.342969 0.493750 0.010937 0.018750
0 0.071875 0.683594 0.015625 0.023438
0 0.057813 0.687500 0.015625 0.021875
0 0.959375 0.767188 0.025000 0.028125
0 0.364063 0.474219 0.009375 0.017187
0 0.493750 0.410937 0.021875 0.043750
0 0.389844 0.445312 0.010937 0.018750
1 0.706250 0.311719 0.015625 0.029687
1 0.390625 0.446094 0.009375 0.017188
1 0.364063 0.474219 0.009375 0.017187
1 0.057813 0.687500 0.015625 0.021875
1 0.331250 0.507031 0.012500 0.026562
1 0.431250 0.604688 0.031250 0.053125
1 0.367188 0.535937 0.012500 0.021875
1 0.335156 0.549219 0.014062 0.026563
1 0.382812 0.455469 0.009375 0.017187
1 0.132031 0.599219 0.020312 0.032813
1 0.771094 0.439844 0.017188 0.026562
1 0.663281 0.743750 0.023438 0.040625
1 0.603906 0.835156 0.026563 0.054688
1 0.399219 0.437500 0.010937 0.018750
1 0.256250 0.878125 0.028125 0.050000
