0 0.374219 0.712500 0.014062 0.028125
0 0.354688 0.642969 0.012500 0.020312
0 0.255469 0.813281 0.014063 0.017188
0 0.360938 0.648438 0.009375 0.021875
0 0.351562 0.660156 0.012500 0.014063
0 0.696094 0.683594 0.014062 0.026563
0 0.348437 0.671875 0.012500 0.015625
0 0.346094 0.686719 0.017187 0.029687
0 0.360938 0.629687 0.015625 0.018750
0 0.773438 0.655469 0.015625 0.026562
0 0.560156 0.801562 0.007812 0.006250
0 0.560156 0.778906 0.017969 0.021094
0 0.682813 0.762500 0.015625 0.018750
0 0.550781 0.645312 0.007812 0.012500
0 0.576562 0.803906 0.015625 0.017188
0 0.787500 0.757812 0.018750 0.018750
0 0.365625 0.618750 0.012500 0.015625
1 0.360938 0.650000 0.009375 0.025000
1 0.355469 0.642969 0.010938 0.020312
1 0.787500 0.757031 0.018750 0.017188
1 0.908594 0.814063 0.023438 0.028125
1 0.869531 0.781250 0.010938 0.015625
1 0.576562 0.803906 0.015625 0.017188
1 0.730469 0.790625 0.010938 0.015625
1 0.360938 0.628125 0.015625 0.018750
1 0.499219 0.718750 0.016406 0.031250
1 0.351562 0.659375 0.012500 0.012500
1 0.346094 0.687500 0.014063 0.025000
1 0.673438 0.396094 0.012500 0.023438
1 0.348437 0.674219 0.012500 0.017188
1 0.733594 0.756250 0.014062 0.012500
1 0.365625 0.618750 0.012500 0.015625
1 0.724219 0.806250 0.020312 0.040625
1 0.773438 0.654687 0.015625 0.028125
