0 0.340625 0.694531 0.031250 0.017188
0 0.238281 0.788281 0.039062 0.020313
0 0.567187 0.759375 0.015625 0.012500
0 0.465625 0.587500 0.021875 0.018750
1 0.337500 0.827344 0.031250 0.017188
1 0.404687 0.836719 0.021875 0.017188
1 0.162500 0.206250 0.037500 0.018750
1 0.360938 0.349219 0.028125 0.017187
1 0.193750 0.198437 0.028125 0.018750
1 0.275000 0.894531 0.040625 0.026563
1 0.344531 0.814844 0.032813 0.017188
1 0.360156 0.269531 0.028125 0.017969
1 0.354687 0.724219 0.031250 0.010938
1 0.360938 0.833594 0.025000 0.010938
1 0.423438 0.819531 0.028125 0.020313
1 0.381250 0.372656 0.031250 0.020313
1 0.431250 0.838281 0.034375 0.020312
1 0.453906 0.601562 0.020313 0.012500
