0 0.347656 0.610156 0.014062 0.014062
0 0.373437 0.426562 0.012500 0.018750
0 0.060156 0.632031 0.026563 0.026562
0 0.058594 0.640625 0.029688 0.043750
0 0.321094 0.478906 0.014062 0.026562
0 0.342969 0.460156 0.010937 0.014062
0 0.335156 0.463281 0.010937 0.017187
0 0.363281 0.435156 0.010938 0.017187
0 0.062500 0.653125 0.028125 0.021875
0 0.632812 0.987500 0.028125 0.021875
0 0.939844 0.727344 0.023438 0.026562
0 0.343750 0.460156 0.012500 0.014062
0 0.332812 0.464063 0.012500 0.018750
0 0.170312 0.627344 0.021875 0.035937
0 0.167969 0.610937 0.020313 0.025000
0 0.382812 0.417188 0.009375 0.018750
0 0.230469 0.560937 0.017188 0.028125
0 0.502344 0.495312 0.010937 0.021875
0 0.342969 0.454688 0.010937 0.018750
0 0.335156 0.453125 0.007812 0.009375
0 0.329688 0.599219 0.015625 0.023438
0 0.354688 0.444531 0.012500 0.017188
0 0.389844 0.408594 0.010937 0.017187
1 0.013281 0.573438 0.026562 0.037500
1 0.381250 0.417188 0.009375 0.018750
1 0.778125 0.628906 0.018750 0.032812
1 0.053906 0.648438 0.020312 0.028125
1 0.374219 0.425781 0.010937 0.017188
1 0.010156 0.610156 0.020313 0.035938
1 0.660156 0.825781 0.026563 0.054688
1 0.230469 0.560937 0.017188 0.028125
1 0.321875 0.478906 0.012500 0.023438
1 0.147656 0.629687 0.020312 0.034375
1 0.168750 0.610156 0.021875 0.023438
1 0.059375 0.638281 0.028125 0.039062
1 0.057812 0.683594 0.028125 0.039062
1 0.692969 0.755469 0.023438 0.045312
1 0.595313 0.676562 0.018750 0.037500
1 0.091406 0.619531 0.014062 0.023438
1 0.354687 0.444531 0.009375 0.017188
1 0.389844 0.410156 0.010937 0.020312
1 0.062500 0.653906 0.028125 0.020312
1 0.521094 0.491406 0.010938 0.023438
