0 0.391406 0.583594 0.004688 0.017188
0 0.577344 0.554688 0.007812 0.015625
0 0.564062 0.533594 0.006250 0.017188
0 0.586719 0.553906 0.007812 0.017188
1 0.562500 0.533594 0.009375 0.017188
1 0.414844 0.604688 0.007812 0.015625
1 0.553125 0.537500 0.009375 0.015625
1 0.600781 0.572656 0.010937 0.010938
1 0.410156 0.580469 0.009375 0.019531
1 0.607031 0.573438 0.007812 0.012500
1 0.554688 0.537500 0.006250 0.015625
1 0.475000 0.574219 0.006250 0.014063
1 0.472656 0.575000 0.010938 0.015625
1 0.412500 0.604688 0.009375 0.015625
1 0.588281 0.575000 0.007812 0.015625
1 0.392188 0.583594 0.006250 0.017969
1 0.546875 0.538281 0.006250 0.014062
1 0.404687 0.604688 0.009375 0.015625
1 0.555469 0.537500 0.007812 0.015625
1 0.392188 0.559375 0.006250 0.018750
1 0.396094 0.559375 0.010937 0.018750
1 0.400000 0.581250 0.009375 0.018750
1 0.548437 0.538281 0.006250 0.017188
1 0.597656 0.572656 0.007812 0.010938
1 0.577344 0.554688 0.007812 0.015625
1 0.671875 0.602344 0.014063 0.015625
1 0.468750 0.573438 0.006250 0.015625
1 0.398438 0.560156 0.006250 0.017188
1 0.542188 0.580469 0.009375 0.014062
1 0.568750 0.554688 0.006250 0.015625
1 0.586719 0.553906 0.007812 0.017188
1 0.403906 0.606250 0.010156 0.017969
1 0.600000 0.571875 0.010937 0.013281
1 0.403125 0.604688 0.009375 0.015625
