0 0.630469 0.408594 0.014062 0.023438
0 0.354687 0.790625 0.014063 0.021094
0 0.615625 0.762500 0.012500 0.025000
0 0.357812 0.760156 0.012500 0.023438
0 0.357031 0.729688 0.010937 0.021875
0 0.344531 0.759375 0.013281 0.024219
0 0.253125 0.836719 0.015625 0.017188
0 0.610938 0.794531 0.012500 0.020312
0 0.264844 0.827344 0.010937 0.026562
0 0.581250 0.502344 0.012500 0.032813
0 0.596875 0.794531 0.012500 0.023438
0 0.571875 0.512500 0.011719 0.025781
0 0.259375 0.832812 0.012500 0.021875
0 0.629687 0.732031 0.012500 0.023438
0 0.339844 0.790625 0.014062 0.018750
1 0.264844 0.826563 0.010937 0.021875
1 0.625781 0.795313 0.014062 0.021875
1 0.603125 0.732031 0.012500 0.023438
1 0.601562 0.763281 0.012500 0.023438
1 0.369531 0.728906 0.010937 0.023438
1 0.356250 0.728906 0.012500 0.023438
1 0.371875 0.760156 0.012500 0.023438
1 0.344531 0.759375 0.013281 0.025000
1 0.615625 0.731250 0.012500 0.021875
1 0.382031 0.728906 0.010937 0.023438
1 0.327344 0.790625 0.010937 0.018750
1 0.252344 0.836719 0.014063 0.017188
1 0.611719 0.794531 0.014062 0.020312
1 0.581250 0.503906 0.012500 0.029688
1 0.532031 0.621094 0.015625 0.028906
1 0.258594 0.832031 0.010937 0.020312
1 0.629687 0.762500 0.012500 0.025000
1 0.339844 0.791406 0.014062 0.017188
