0 0.718750 0.571094 0.015625 0.026562
0 0.621094 0.531250 0.010938 0.018750
0 0.828906 0.646875 0.020313 0.034375
0 0.436719 0.569531 0.010937 0.026562
0 0.807031 0.735156 0.026563 0.042187
0 0.187500 0.762500 0.018750 0.028125
0 0.702344 0.677344 0.020313 0.035937
0 0.635938 0.602344 0.015625 0.029687
0 0.763281 0.714844 0.023438 0.039062
0 0.405469 0.510938 0.014062 0.021875
1 0.457812 0.580469 0.012500 0.026563
1 0.445312 0.465625 0.012500 0.018750
1 0.155469 0.710156 0.010938 0.020313
1 0.387500 0.532031 0.009375 0.020313
1 0.838281 0.770312 0.026563 0.046875
1 0.617188 0.744531 0.024219 0.040625
1 0.342969 0.637500 0.017188 0.031250
1 0.734375 0.965625 0.034375 0.065625
1 0.799219 0.703906 0.023438 0.035938
1 0.447656 0.575000 0.014063 0.025000
1 0.301562 0.630469 0.018750 0.032813
1 0.678906 0.681250 0.020313 0.034375
1 0.838281 0.735937 0.026563 0.037500
1 0.769531 0.758594 0.026563 0.045312
1 0.689844 0.705469 0.023438 0.039062
1 0.796875 0.667969 0.021875 0.035937
