0 0.531250 0.472656 0.015625 0.029687
0 0.295312 0.953125 0.018750 0.034375
0 0.285937 0.854688 0.012500 0.031250
0 0.208594 0.853906 0.017187 0.032813
0 0.317188 0.885156 0.015625 0.035937
0 0.832031 0.917969 0.014063 0.023438
0 0.805469 0.768750 0.017188 0.034375
0 0.281250 0.960156 0.021875 0.032813
1 0.861719 0.860938 0.014062 0.031250
1 0.832031 0.917188 0.014063 0.021875
1 0.846094 0.928906 0.017188 0.023438
1 0.250781 0.785937 0.016406 0.028125
1 0.850781 0.910937 0.014062 0.018750
1 0.746875 0.930469 0.018750 0.032813
1 0.275000 0.958594 0.015625 0.029687
1 0.281250 0.960938 0.018750 0.028125
1 0.251563 0.751563 0.015625 0.028125
1 0.296094 0.953125 0.017188 0.034375
