0 0.642187 0.648438 0.021875 0.040625
0 0.314844 0.510938 0.014063 0.028125
0 0.259375 0.461719 0.015625 0.023438
0 0.268750 0.578906 0.018750 0.032813
0 0.237500 0.495313 0.015625 0.031250
0 0.128125 0.280469 0.012500 0.026562
0 0.616406 0.774219 0.026562 0.048438
0 0.659375 0.567187 0.018750 0.034375
1 0.724219 0.490625 0.014062 0.031250
1 0.720313 0.459375 0.012500 0.028125
1 0.674219 0.785156 0.031250 0.053906
1 0.732813 0.578125 0.021875 0.037500
1 0.640625 0.564063 0.018750 0.031250
1 0.014063 0.757031 0.028125 0.048438
1 0.268750 0.446094 0.015625 0.023438
1 0.286719 0.582031 0.017187 0.032812
1 0.618750 0.647656 0.021875 0.039062
1 0.341406 0.515625 0.017187 0.028125
1 0.248437 0.476562 0.015625 0.025000
1 0.252344 0.574219 0.017187 0.032812
1 0.732031 0.548437 0.017188 0.025000
1 0.278125 0.433594 0.015625 0.026563
1 0.644531 0.778906 0.026563 0.048438
1 0.664844 0.653125 0.023438 0.040625
1 0.621094 0.561719 0.017187 0.029687
1 0.327344 0.513281 0.014062 0.026563
