0 0.637500 0.538281 0.021875 0.042187
0 0.717969 0.928125 0.026562 0.021875
0 0.002344 0.789062 0.004687 0.053125
0 0.519531 0.935156 0.032812 0.045312
0 0.130469 0.868750 0.032813 0.050000
0 0.064062 0.675781 0.028125 0.048437
0 0.642969 0.581250 0.020312 0.046875
0 0.371875 0.539062 0.015625 0.034375
0 0.574219 0.821875 0.030469 0.045312
1 0.650000 0.619531 0.015625 0.032813
1 0.471094 0.735938 0.026562 0.050000
1 0.717969 0.928906 0.026562 0.020313
1 0.672656 0.932813 0.020313 0.028125
1 0.289062 0.936719 0.031250 0.060937
1 0.637500 0.539062 0.018750 0.040625
1 0.653125 0.673438 0.025000 0.059375
1 0.549219 0.925781 0.032813 0.054688
1 0.650000 0.635156 0.018750 0.026563
