0 0.628125 0.732031 0.018750 0.035937
0 0.560937 0.590625 0.012500 0.025000
0 0.188281 0.773438 0.017187 0.021875
0 0.142969 0.735156 0.017187 0.020313
0 0.200781 0.760938 0.020313 0.018750
0 0.172656 0.903906 0.020312 0.042188
0 0.160156 0.676562 0.010937 0.034375
0 0.154687 0.675000 0.021875 0.043750
0 0.184375 0.764844 0.012500 0.020313
0 0.553906 0.575781 0.014062 0.023438
0 0.567187 0.605469 0.012500 0.026563
0 0.460156 0.325781 0.014062 0.029688
0 0.581250 0.630469 0.015625 0.032813
0 0.591406 0.648438 0.017188 0.034375
1 0.561719 0.590625 0.014844 0.026562
1 0.591406 0.648438 0.017969 0.035156
1 0.571094 0.619531 0.010937 0.023438
1 0.581250 0.630469 0.012500 0.026563
1 0.553906 0.577344 0.014062 0.023438
1 0.243750 0.686719 0.017969 0.039062
1 0.575781 0.620313 0.012500 0.028125
1 0.567187 0.606250 0.012500 0.025000
1 0.547656 0.397656 0.014062 0.026562
