0 0.882031 0.775000 0.017188 0.021875
0 0.712500 0.589844 0.012500 0.023438
0 0.678906 0.764062 0.017188 0.018750
1 0.592187 0.585156 0.012500 0.023438
1 0.882031 0.774219 0.017188 0.020313
1 0.743750 0.728125 0.010937 0.021094
1 0.889844 0.782031 0.020313 0.014062
1 0.657031 0.773438 0.020313 0.031250
1 0.548438 0.449219 0.014063 0.025781
1 0.729688 0.731250 0.018750 0.015625
1 0.728906 0.731250 0.017188 0.015625
1 0.635938 0.771875 0.018750 0.028125
1 0.678906 0.763281 0.017188 0.017188
1 0.595313 0.370312 0.012500 0.025000
1 0.637500 0.359375 0.012500 0.025000
1 0.720313 0.609375 0.017188 0.039062
