0 0.335938 0.586719 0.015625 0.014062
0 0.467969 0.800000 0.017188 0.015625
0 0.797656 0.578906 0.010937 0.014062
0 0.339063 0.534375 0.012500 0.018750
0 0.853906 0.783594 0.020312 0.023438
0 0.799219 0.596094 0.014062 0.017188
0 0.801562 0.611719 0.015625 0.017188
0 0.463281 0.695312 0.017187 0.034375
0 0.867188 0.831250 0.018750 0.021875
0 0.575000 0.634375 0.015625 0.025000
0 0.861719 0.817969 0.017188 0.020312
0 0.848437 0.831250 0.021094 0.021094
0 0.865625 0.791406 0.015625 0.014062
0 0.341406 0.503906 0.014063 0.014063
0 0.342187 0.514062 0.012500 0.018750
0 0.336719 0.517969 0.010937 0.017188
0 0.335156 0.717969 0.018750 0.024219
0 0.339062 0.545313 0.015625 0.025000
0 0.790625 0.586719 0.009375 0.023438
0 0.456250 0.772656 0.021875 0.026562
0 0.338281 0.564844 0.014063 0.023438
0 0.257031 0.804688 0.026563 0.031250
0 0.883594 0.830469 0.011719 0.021875
0 0.340625 0.501563 0.012500 0.009375
0 0.339844 0.517969 0.014062 0.017188
0 0.805469 0.628906 0.017188 0.026563
0 0.843750 0.817969 0.021875 0.020312
1 0.463281 0.695312 0.017187 0.034375
1 0.842969 0.817187 0.020313 0.018750
1 0.339844 0.533594 0.014062 0.017188
1 0.339063 0.562500 0.012500 0.018750
1 0.335938 0.573438 0.015625 0.018750
1 0.797656 0.579688 0.010937 0.015625
1 0.338281 0.546094 0.014063 0.017188
1 0.339063 0.579688 0.012500 0.015625
1 0.658594 0.762500 0.017188 0.028125
1 0.257031 0.803906 0.026563 0.029687
1 0.338281 0.551562 0.014063 0.018750
1 0.338281 0.573438 0.010937 0.018750
1 0.336719 0.586719 0.014062 0.014062
1 0.867188 0.830469 0.021875 0.023438
1 0.882812 0.830469 0.009375 0.020312
1 0.891406 0.721094 0.015625 0.038281
1 0.791406 0.585938 0.007812 0.021875
1 0.801562 0.610938 0.015625 0.018750
1 0.337500 0.575000 0.012500 0.015625
1 0.862500 0.819531 0.015625 0.020313
