0 0.993750 0.923437 0.009375 0.053125
0 0.784375 0.689062 0.021875 0.037500
0 0.994531 0.832031 0.007812 0.042188
0 0.743750 0.966406 0.040625 0.064063
0 0.839844 0.612500 0.020312 0.031250
0 0.828125 0.595313 0.021875 0.031250
0 0.215625 0.573438 0.025000 0.031250
1 0.972656 0.824219 0.032812 0.054688
1 0.207813 0.584375 0.012500 0.015625
1 0.950000 0.771875 0.031250 0.050000
1 0.204687 0.587500 0.012500 0.015625
1 0.108594 0.978906 0.045313 0.039062
1 0.207031 0.605469 0.025781 0.021875
1 0.214062 0.631250 0.012500 0.031250
1 0.209375 0.589063 0.021875 0.018750
1 0.210156 0.637500 0.010938 0.028125
1 0.194531 0.644531 0.020312 0.029688
1 0.216406 0.610937 0.014063 0.021875
1 0.849219 0.632031 0.017188 0.035938
1 0.203906 0.632812 0.023438 0.034375
1 0.215625 0.601562 0.018750 0.025000
1 0.210938 0.592188 0.025000 0.025000
1 0.200000 0.625000 0.015625 0.021875
1 0.189844 0.645312 0.014063 0.031250
1 0.828906 0.594531 0.020313 0.032813
1 0.906250 0.742188 0.028125 0.046875
1 0.214844 0.624219 0.010937 0.020313
1 0.817969 0.578125 0.020312 0.031250
1 0.196094 0.678906 0.020312 0.039062
1 0.145313 0.975781 0.034375 0.045312
1 0.868750 0.651563 0.021875 0.043750
