0 0.655469 0.660937 0.014062 0.021875
0 0.087500 0.615625 0.015625 0.025000
0 0.530469 0.635938 0.007812 0.018750
0 0.725781 0.695312 0.011719 0.016406
0 0.089062 0.725000 0.012500 0.025000
0 0.346094 0.753906 0.010937 0.026563
0 0.450000 0.765625 0.006250 0.015625
0 0.885938 0.928125 0.018750 0.034375
0 0.278906 0.838281 0.014063 0.017188
0 0.349219 0.752344 0.017187 0.029687
0 0.264844 0.837500 0.014062 0.015625
0 0.370313 0.739844 0.012500 0.026563
0 0.353125 0.749219 0.009375 0.026562
0 0.288281 0.835938 0.010937 0.012500
0 0.703906 0.866406 0.014062 0.017188
0 0.343750 0.477344 0.012500 0.017188
1 0.391406 0.819531 0.017188 0.017188
1 0.517969 0.659375 0.010938 0.021875
1 0.715625 0.837500 0.017188 0.018750
1 0.346094 0.753125 0.010937 0.025000
1 0.631250 0.664844 0.009375 0.020313
1 0.250000 0.836719 0.015625 0.017188
1 0.353125 0.748438 0.009375 0.025000
1 0.376563 0.767187 0.012500 0.025000
1 0.328906 0.797656 0.014062 0.020313
1 0.654687 0.661719 0.012500 0.020312
1 0.583594 0.672656 0.010938 0.020313
1 0.952344 0.678125 0.017969 0.032031
1 0.718750 0.867188 0.013281 0.017969
1 0.450000 0.765625 0.006250 0.015625
1 0.703125 0.867188 0.012500 0.018750
1 0.582031 0.656250 0.007812 0.018750
1 0.278906 0.839063 0.015625 0.019531
1 0.264844 0.837500 0.014062 0.015625
