0 0.495312 0.459375 0.018750 0.012500
0 0.421875 0.800781 0.037500 0.020312
0 0.510156 0.588281 0.007812 0.007812
0 0.511719 0.596094 0.017187 0.010938
0 0.462500 0.620313 0.028125 0.015625
0 0.345313 0.682813 0.031250 0.028125
0 0.510156 0.592969 0.014062 0.010937
0 0.321875 0.592969 0.025000 0.017188
0 0.427344 0.781250 0.029688 0.018750
0 0.477344 0.611719 0.020313 0.014062
0 0.372656 0.629687 0.017187 0.009375
0 0.202344 0.648438 0.045313 0.009375
0 0.516406 0.589844 0.023438 0.020312
0 0.494531 0.446094 0.020312 0.010937
0 0.275000 0.175781 0.031250 0.026562
0 0.416406 0.820312 0.035938 0.015625
0 0.236719 0.696875 0.017187 0.012500
0 0.529688 0.573438 0.021875 0.012500
0 0.522656 0.584375 0.017188 0.012500
0 0.298438 0.168750 0.031250 0.028125
0 0.639844 0.752344 0.014062 0.010938
0 0.432031 0.799219 0.020313 0.017188
0 0.502344 0.607031 0.026562 0.014062
0 0.253125 0.734375 0.018750 0.012500
0 0.523438 0.588281 0.015625 0.014062
1 0.494531 0.446094 0.018750 0.013281
1 0.024219 0.257031 0.048438 0.035938
1 0.528125 0.573438 0.018750 0.012500
1 0.475781 0.612500 0.020313 0.012500
1 0.495312 0.459375 0.018750 0.012500
1 0.223438 0.191406 0.034375 0.026562
1 0.357031 0.843750 0.039062 0.025000
1 0.403125 0.855469 0.034375 0.023438
1 0.461719 0.825781 0.029687 0.014062
1 0.157031 0.663281 0.054688 0.029687
1 0.397656 0.050781 0.051563 0.026562
1 0.192188 0.198437 0.040625 0.025000
1 0.415625 0.820312 0.034375 0.015625
1 0.469531 0.825781 0.014062 0.014062
1 0.462500 0.620313 0.028125 0.015625
1 0.503125 0.607031 0.021875 0.014062
1 0.249219 0.182812 0.032812 0.025000
