0 0.660937 0.765625 0.012500 0.021875
0 0.272656 0.758594 0.007812 0.017188
0 0.808594 0.828906 0.020312 0.017188
0 0.809375 0.812500 0.015625 0.018750
0 0.263281 0.750781 0.014063 0.017188
0 0.266406 0.755469 0.017188 0.026563
0 0.807813 0.792969 0.015625 0.020312
0 0.478906 0.785937 0.017187 0.031250
0 0.748437 0.825000 0.018750 0.034375
1 0.443750 0.762500 0.015625 0.031250
1 0.256250 0.785156 0.015625 0.020312
1 0.665625 0.789844 0.009375 0.029687
1 0.234375 0.900000 0.021875 0.034375
1 0.260156 0.767969 0.017187 0.017188
1 0.250000 0.826562 0.018750 0.034375
1 0.253906 0.803906 0.017188 0.023438
1 0.268750 0.779688 0.006250 0.025000
1 0.262500 0.773438 0.018750 0.028125
1 0.808594 0.794531 0.017187 0.023438
1 0.685937 0.778125 0.018750 0.034375
1 0.201563 0.900000 0.018750 0.040625
1 0.240625 0.916406 0.021875 0.039062
1 0.717969 0.780469 0.017188 0.032813
