0 0.759375 0.730469 0.015625 0.017187
0 0.371094 0.878906 0.020312 0.023438
0 0.760156 0.771094 0.017188 0.023438
0 0.760938 0.768750 0.018750 0.021875
0 0.666406 0.907812 0.020312 0.037500
0 0.208594 0.961719 0.023438 0.045312
0 0.175000 0.946875 0.012500 0.025000
0 0.686719 0.746875 0.017188 0.034375
0 0.194531 0.877344 0.023438 0.029687
0 0.760938 0.749219 0.018750 0.017188
0 0.481250 0.764844 0.009375 0.014062
0 0.761719 0.750000 0.017187 0.021875
0 0.762500 0.760156 0.018750 0.010938
1 0.246094 0.877344 0.020312 0.032813
1 0.688281 0.910156 0.020313 0.035937
1 0.175000 0.945312 0.012500 0.021875
1 0.206250 0.725781 0.015625 0.021094
1 0.399219 0.691406 0.017188 0.032812
1 0.225781 0.875000 0.020312 0.034375
1 0.192969 0.833594 0.020313 0.039062
1 0.639844 0.711719 0.017188 0.032813
1 0.210156 0.916406 0.020312 0.026563
1 0.671094 0.715625 0.017188 0.031250
1 0.759375 0.731250 0.015625 0.018750
1 0.203906 0.750000 0.020312 0.034375
