0 0.458594 0.580469 0.017187 0.010938
0 0.475000 0.562500 0.018750 0.012500
1 0.146875 0.185156 0.037500 0.020313
1 0.475781 0.561719 0.017188 0.010937
1 0.359375 0.787500 0.028125 0.012500
1 0.353906 0.794531 0.039062 0.026563
1 0.458594 0.581250 0.017187 0.012500
1 0.209375 0.166406 0.028125 0.020313
1 0.182031 0.175000 0.029688 0.018750
1 0.350781 0.799219 0.029687 0.017188
1 0.374219 0.804688 0.021875 0.011719
1 0.158594 0.678125 0.048437 0.025000
1 0.438281 0.790625 0.029687 0.021875
1 0.417187 0.800781 0.021875 0.020312
1 0.441406 0.810156 0.023438 0.014062
1 0.484375 0.550000 0.015625 0.009375
1 0.293750 0.862500 0.037500 0.025000
