0 0.002344 0.986719 0.004687 0.023438
0 0.071094 0.978906 0.032812 0.039062
0 0.124219 0.837500 0.026563 0.050000
0 0.061719 0.769531 0.028906 0.054688
0 0.245312 0.225781 0.016406 0.021094
0 0.021875 0.981250 0.031250 0.034375
1 0.821094 0.744531 0.020313 0.023438
1 0.826563 0.807031 0.025000 0.029687
1 0.064844 0.736719 0.023438 0.032813
1 0.017187 0.917969 0.025000 0.026563
1 0.067969 0.711719 0.020312 0.023438
1 0.027344 0.907031 0.026563 0.045312
1 0.014063 0.914062 0.028125 0.031250
1 0.021094 0.978906 0.029687 0.032813
1 0.020312 0.987500 0.031250 0.021875
1 0.824219 0.766406 0.017187 0.023438
