0 0.458594 0.578125 0.010937 0.028125
0 0.747656 0.607031 0.017188 0.026563
0 0.839844 0.785937 0.028906 0.046094
0 0.217969 0.674219 0.022656 0.036719
0 0.329688 0.655469 0.015625 0.032813
0 0.864062 0.696094 0.021875 0.035938
0 0.728906 0.714844 0.020312 0.035937
0 0.417187 0.631250 0.015625 0.031250
0 0.792969 0.760156 0.023438 0.042188
0 0.337500 0.666406 0.018750 0.035937
1 0.469531 0.585938 0.014062 0.021875
1 0.478906 0.591406 0.014063 0.026563
1 0.872656 0.826563 0.032813 0.053125
1 0.396094 0.614062 0.010937 0.028125
1 0.873437 0.792188 0.031250 0.040625
1 0.196094 0.688281 0.023438 0.032813
1 0.347656 0.679688 0.020312 0.034375
1 0.757812 0.991406 0.028125 0.014062
1 0.829687 0.752344 0.025000 0.039062
1 0.337500 0.666406 0.015625 0.032813
1 0.691406 0.714063 0.020312 0.037500
1 0.799219 0.805469 0.028906 0.048438
1 0.639063 0.775000 0.021875 0.040625
1 0.828906 0.716406 0.023438 0.035937
1 0.403906 0.622656 0.014063 0.029687
