0 0.470313 0.875781 0.018750 0.029687
0 0.303125 0.658594 0.009375 0.017188
0 0.651563 0.717188 0.012500 0.025000
0 0.307813 0.664844 0.012500 0.014062
0 0.309375 0.660156 0.009375 0.017187
0 0.317969 0.607031 0.014063 0.029687
0 0.304688 0.652344 0.009375 0.010938
0 0.303906 0.651563 0.007812 0.012500
0 0.475000 0.729688 0.003125 0.012500
0 0.301562 0.664844 0.012500 0.014062
0 0.296094 0.689844 0.014062 0.017188
0 0.307812 0.671875 0.009375 0.015625
0 0.300000 0.667969 0.012500 0.014063
0 0.531250 0.735156 0.006250 0.014062
0 0.582031 0.694531 0.010938 0.023438
1 0.289062 0.714844 0.015625 0.026563
1 0.675000 0.537500 0.012500 0.009375
1 0.320312 0.632031 0.009375 0.020313
1 0.731250 0.875000 0.012500 0.015625
1 0.712500 0.732031 0.015625 0.029687
1 0.415625 0.498437 0.017969 0.029687
1 0.311719 0.630469 0.010937 0.017188
1 0.292188 0.702344 0.012500 0.017188
1 0.244531 0.765625 0.007812 0.028125
1 0.310156 0.635156 0.010937 0.023438
1 0.307813 0.661719 0.012500 0.020312
1 0.626563 0.812500 0.015625 0.012500
1 0.280469 0.772656 0.017188 0.029687
1 0.314844 0.646094 0.014844 0.024219
1 0.711719 0.712500 0.010937 0.018750
1 0.700000 0.710938 0.006250 0.021875
1 0.299219 0.678125 0.014063 0.015625
1 0.317969 0.607812 0.014063 0.028125
1 0.302344 0.658594 0.010937 0.020312
1 0.284375 0.707031 0.012500 0.020312
1 0.649219 0.803125 0.017188 0.031250
1 0.678125 0.585156 0.009375 0.026562
