0 0.442188 0.599219 0.015625 0.029687
0 0.703125 0.525781 0.015625 0.020312
0 0.701562 0.522656 0.015625 0.020313
0 0.710156 0.523438 0.010937 0.009375
0 0.708594 0.535156 0.017188 0.026563
0 0.554688 0.489062 0.012500 0.018750
0 0.339063 0.477344 0.012500 0.020313
0 0.380469 0.453125 0.010937 0.018750
0 0.122656 0.761719 0.020312 0.045313
0 0.369531 0.466406 0.014063 0.020313
0 0.309375 0.544531 0.015625 0.032813
0 0.333594 0.513281 0.014063 0.020312
0 0.704688 0.517969 0.012500 0.010938
0 0.387500 0.442969 0.012500 0.017187
0 0.322656 0.529688 0.014063 0.021875
0 0.662500 0.515625 0.015625 0.025000
0 0.387500 0.445312 0.012500 0.018750
0 0.700781 0.525000 0.014062 0.018750
0 0.388281 0.437500 0.014063 0.015625
1 0.460938 0.822656 0.025000 0.051562
1 0.360938 0.476562 0.012500 0.021875
1 0.321875 0.528906 0.015625 0.023438
1 0.749219 0.675781 0.023438 0.042188
1 0.370313 0.466406 0.012500 0.020313
1 0.310156 0.545312 0.014063 0.031250
1 0.343750 0.498437 0.014844 0.025781
1 0.736719 0.557031 0.017188 0.029687
1 0.700000 0.735156 0.025000 0.045312
1 0.436719 0.662500 0.017188 0.037500
1 0.655469 0.866406 0.029687 0.057812
1 0.442969 0.499219 0.010937 0.023438
1 0.354688 0.486719 0.012500 0.020313
1 0.731250 0.585938 0.018750 0.034375
