0 0.005469 0.607031 0.010937 0.017188
0 0.004687 0.621094 0.009375 0.023438
0 0.541406 0.569531 0.017188 0.023438
0 0.006250 0.592187 0.012500 0.015625
0 0.577344 0.744531 0.020313 0.035937
0 0.536719 0.536719 0.016406 0.016406
0 0.335156 0.584375 0.014062 0.025000
1 0.554688 0.609375 0.009375 0.028125
1 0.007812 0.560937 0.015625 0.015625
1 0.005469 0.618750 0.010937 0.025000
1 0.006250 0.577344 0.012500 0.014062
1 0.548438 0.573438 0.012500 0.018750
1 0.008594 0.553906 0.017188 0.014062
1 0.539844 0.590625 0.007812 0.021875
1 0.560156 0.621094 0.015625 0.026562
1 0.560937 0.642188 0.018750 0.018750
1 0.532031 0.557813 0.010937 0.021875
1 0.010156 0.550781 0.014063 0.014063
1 0.007812 0.558594 0.015625 0.014063
1 0.546875 0.615625 0.009375 0.025000
1 0.007031 0.570312 0.014063 0.025000
1 0.621094 0.747656 0.020312 0.039062
1 0.006250 0.592969 0.012500 0.014062
1 0.553906 0.593750 0.014062 0.028125
1 0.539062 0.585156 0.009375 0.017188
1 0.006250 0.576562 0.012500 0.015625
1 0.003125 0.686719 0.006250 0.032813
1 0.553906 0.592187 0.014062 0.028125
1 0.560937 0.618750 0.012500 0.025000
1 0.563281 0.641406 0.017188 0.017188
1 0.540625 0.590625 0.009375 0.025000
1 0.553125 0.635938 0.009375 0.021875
1 0.008594 0.545312 0.017188 0.015625
1 0.549219 0.604688 0.017188 0.031250
1 0.548438 0.571875 0.012500 0.018750
1 0.566406 0.664844 0.019531 0.034375
1 0.561719 0.631250 0.014062 0.028125
1 0.541406 0.551562 0.015625 0.014063
1 0.003906 0.671094 0.007812 0.032813
