0 0.787500 0.567187 0.018750 0.028125
0 0.807031 0.597656 0.020312 0.029688
0 0.844531 0.653125 0.020313 0.040625
0 0.826562 0.625781 0.018750 0.023438
0 0.181250 0.922656 0.040625 0.067188
0 0.796094 0.584375 0.020313 0.031250
0 0.808594 0.610938 0.014063 0.018750
0 0.505469 0.732031 0.026563 0.048438
0 0.817969 0.617188 0.017188 0.028125
1 0.796875 0.582812 0.018750 0.028125
1 0.809375 0.771875 0.018750 0.050000
1 0.807031 0.596094 0.017188 0.023438
1 0.025781 0.942969 0.023438 0.067187
1 0.825781 0.626562 0.017188 0.021875
1 0.833594 0.625781 0.010938 0.023438
1 0.045312 0.978906 0.050000 0.039062
1 0.149219 0.931250 0.014063 0.059375
1 0.807031 0.610938 0.014063 0.019531
1 0.076563 0.934375 0.019531 0.071875
1 0.281250 0.925000 0.025000 0.065625
1 0.785937 0.567187 0.018750 0.028125
1 0.818750 0.617969 0.018750 0.029687
