0 0.768750 0.662500 0.015625 0.025000
0 0.725000 0.579688 0.025000 0.034375
0 0.339062 0.510156 0.010156 0.023438
0 0.244531 0.568750 0.017187 0.034375
0 0.260938 0.572656 0.018750 0.032813
0 0.393750 0.446094 0.014063 0.025000
0 0.684375 0.568750 0.018750 0.034375
0 0.306250 0.507812 0.015625 0.028125
0 0.845312 0.785156 0.006250 0.026563
0 0.381250 0.436719 0.012500 0.023438
0 0.118750 0.269531 0.015625 0.029687
0 0.612500 0.432812 0.010937 0.026562
0 0.646094 0.698438 0.023438 0.046875
0 0.722656 0.551562 0.023438 0.031250
1 0.228906 0.490625 0.017187 0.031250
1 0.600000 0.421094 0.012500 0.023438
1 0.708594 0.511719 0.007812 0.023438
1 0.725000 0.578125 0.025000 0.034375
1 0.339062 0.510938 0.009375 0.021875
1 0.721094 0.524219 0.017188 0.023438
1 0.244531 0.568750 0.017187 0.034375
1 0.279687 0.577344 0.018750 0.032813
1 0.715625 0.484375 0.015625 0.021875
1 0.614844 0.560937 0.017188 0.031250
1 0.599219 0.571875 0.017188 0.031250
1 0.393750 0.446094 0.014063 0.025000
1 0.656250 0.546094 0.019531 0.033594
1 0.627344 0.417969 0.014062 0.032813
1 0.718750 0.503125 0.015625 0.018750
