0 0.689844 0.490625 0.014062 0.034375
0 0.014844 0.517188 0.029687 0.046875
0 0.779687 0.518750 0.028125 0.046875
0 0.518750 0.467969 0.006250 0.020313
0 0.001563 0.631250 0.003125 0.021875
0 0.167187 0.645312 0.028125 0.053125
0 0.273438 0.678125 0.025000 0.018750
0 0.723437 0.521875 0.026562 0.049219
0 0.750781 0.357812 0.023438 0.046875
0 0.778906 0.486719 0.023438 0.029688
1 0.918750 0.825000 0.018750 0.034375
1 0.226562 0.494531 0.025000 0.039062
1 0.017969 0.487500 0.023438 0.031250
1 0.596875 0.754687 0.028125 0.046875
1 0.871094 0.768750 0.014063 0.028125
1 0.018750 0.631250 0.028125 0.053125
1 0.284375 0.655469 0.025000 0.051563
1 0.087500 0.471875 0.025000 0.046875
1 0.272656 0.660156 0.029687 0.042188
1 0.695312 0.528125 0.025000 0.046875
1 0.292969 0.583594 0.025000 0.035156
1 0.775000 0.739844 0.031250 0.051562
1 0.737500 0.239062 0.021875 0.050000
1 0.272656 0.712500 0.029687 0.028125
