0 0.332031 0.541406 0.007812 0.023438
0 0.344531 0.534375 0.007812 0.015625
0 0.663281 0.582031 0.014062 0.026563
0 0.704687 0.721875 0.021875 0.037500
0 0.068750 0.728906 0.009375 0.010938
0 0.349219 0.525781 0.010937 0.020312
0 0.346094 0.529688 0.010937 0.021875
0 0.072656 0.736719 0.017188 0.023438
0 0.339844 0.528125 0.017188 0.018750
0 0.571094 0.542188 0.010937 0.018750
0 0.344531 0.532031 0.010937 0.017188
0 0.324219 0.550781 0.017188 0.029688
0 0.339062 0.528125 0.015625 0.018750
0 0.708594 0.650781 0.017188 0.029687
0 0.330469 0.535937 0.010937 0.018750
0 0.338281 0.535156 0.010937 0.020312
0 0.389062 0.483594 0.012500 0.017188
0 0.763281 0.654687 0.020312 0.034375
0 0.743750 0.738281 0.021875 0.039062
0 0.648438 0.685156 0.018750 0.035937
0 0.076563 0.742969 0.009375 0.017188
1 0.710938 0.760938 0.021875 0.043750
1 0.627344 0.690625 0.017188 0.034375
1 0.771875 0.739062 0.025000 0.034375
1 0.068750 0.729688 0.009375 0.012500
1 0.380469 0.492188 0.010937 0.018750
1 0.771875 0.770312 0.025000 0.043750
1 0.660937 0.743750 0.021875 0.040625
1 0.370313 0.502344 0.012500 0.020312
1 0.310156 0.679688 0.020313 0.034375
1 0.324219 0.551562 0.014062 0.028125
1 0.277344 0.646875 0.017188 0.034375
1 0.567187 0.753125 0.021875 0.040625
1 0.678906 0.966406 0.032813 0.064063
1 0.735156 0.675781 0.020313 0.032812
1 0.360156 0.511719 0.014062 0.023438
1 0.735937 0.709375 0.021875 0.034375
