0 0.500781 0.439063 0.014062 0.021875
0 0.671094 0.683594 0.026562 0.048437
0 0.157031 0.679688 0.023438 0.037500
0 0.297656 0.495312 0.014062 0.025000
0 0.310937 0.500781 0.012500 0.026562
0 0.175781 0.601562 0.020313 0.031250
0 0.605469 0.540625 0.020313 0.034375
0 0.695312 0.681250 0.021875 0.046875
0 0.566406 0.684375 0.023438 0.046875
0 0.636719 0.513281 0.020312 0.029687
1 0.625000 0.430469 0.015625 0.017188
1 0.119531 0.597656 0.021875 0.037500
1 0.310156 0.500000 0.014063 0.025000
1 0.225781 0.702344 0.023438 0.042187
1 0.491406 0.434375 0.012500 0.026562
1 0.137500 0.680469 0.020313 0.039062
1 0.639844 0.539062 0.023438 0.034375
1 0.629687 0.468750 0.015625 0.021875
1 0.621875 0.413281 0.012500 0.017188
1 0.186719 0.663281 0.023438 0.032813
1 0.626563 0.449219 0.015625 0.023438
1 0.178906 0.685938 0.023438 0.037500
1 0.633594 0.489063 0.017188 0.025000
