0 0.469531 0.541406 0.014062 0.017188
0 0.472656 0.524219 0.014062 0.014062
0 0.471094 0.532031 0.014063 0.014062
0 0.478906 0.495312 0.014063 0.018750
0 0.480469 0.482031 0.014062 0.010937
0 0.467187 0.553125 0.015625 0.018750
1 0.449219 0.725781 0.021094 0.042188
1 0.991406 0.764063 0.014062 0.037500
1 0.471875 0.720313 0.021875 0.039844
1 0.414844 0.739062 0.023438 0.040625
1 0.474219 0.511719 0.014063 0.017187
1 0.464844 0.575000 0.017188 0.031250
1 0.482812 0.470313 0.012500 0.015625
1 0.427344 0.725781 0.020313 0.039062
1 0.561719 0.547656 0.014062 0.029687
1 0.957812 0.858594 0.009375 0.017188
1 0.989844 0.690625 0.017188 0.031250
