0 0.742188 0.314063 0.015625 0.028125
0 0.157812 0.623437 0.021875 0.035156
0 0.347656 0.485156 0.007812 0.020313
0 0.307812 0.548437 0.015625 0.025000
0 0.361719 0.470313 0.010937 0.015625
0 0.128906 0.612500 0.026562 0.037500
0 0.366406 0.531250 0.014062 0.025000
0 0.353125 0.479687 0.009375 0.015625
0 0.371094 0.674219 0.010938 0.014062
0 0.381250 0.450000 0.009375 0.015625
0 0.371094 0.458594 0.010938 0.017187
0 0.078125 0.679688 0.025000 0.028125
0 0.342969 0.488281 0.010937 0.017188
0 0.115625 0.661719 0.015625 0.017188
1 0.128125 0.612500 0.025000 0.037500
1 0.381250 0.450781 0.009375 0.014063
1 0.371094 0.458594 0.010938 0.017187
1 0.635938 0.758594 0.021875 0.045312
1 0.816406 0.559375 0.023438 0.028125
1 0.139844 0.623437 0.014063 0.028125
1 0.329688 0.502344 0.012500 0.026562
1 0.142188 0.616406 0.009375 0.020313
1 0.307813 0.548437 0.012500 0.025000
1 0.051562 0.692187 0.025000 0.028125
1 0.157031 0.623437 0.020312 0.034375
1 0.660937 0.983594 0.025000 0.029687
1 0.362500 0.470313 0.009375 0.015625
1 0.389062 0.441406 0.009375 0.014062
1 0.140625 0.621875 0.012500 0.031250
1 0.824219 0.554688 0.010938 0.018750
1 0.366406 0.530469 0.014062 0.023438
1 0.769531 0.422656 0.017187 0.035938
1 0.812500 0.560938 0.015625 0.025000
