0 0.642187 0.647656 0.021875 0.039062
0 0.314063 0.509375 0.012500 0.028125
0 0.259375 0.460938 0.015625 0.025000
0 0.267188 0.578125 0.018750 0.034375
0 0.235937 0.495313 0.015625 0.031250
0 0.126562 0.277344 0.015625 0.032813
0 0.616406 0.773438 0.026562 0.050000
0 0.659375 0.566406 0.018750 0.032812
1 0.248437 0.475781 0.015625 0.026562
1 0.673438 0.783594 0.028125 0.054688
1 0.711719 0.417969 0.017188 0.035937
1 0.732813 0.575781 0.025000 0.035937
1 0.639844 0.564063 0.017188 0.031250
1 0.014063 0.757812 0.028125 0.050000
1 0.268750 0.445312 0.015625 0.025000
1 0.285937 0.582031 0.018750 0.032812
1 0.714063 0.378906 0.018750 0.026563
1 0.618750 0.645312 0.021875 0.040625
1 0.621875 0.560156 0.019531 0.032031
1 0.342187 0.515625 0.017969 0.030469
1 0.251563 0.573438 0.015625 0.031250
1 0.276562 0.432812 0.015625 0.025000
1 0.644531 0.778125 0.026563 0.050000
1 0.665625 0.651563 0.021875 0.040625
1 0.326562 0.513281 0.012500 0.026563
1 0.732031 0.547656 0.017188 0.026562
