0 0.555469 0.432031 0.017188 0.026562
0 0.082031 0.775781 0.032812 0.039062
0 0.693750 0.466406 0.015625 0.023438
0 0.002344 0.572656 0.004687 0.020312
0 0.832812 0.593750 0.028125 0.028125
0 0.313281 0.485938 0.014062 0.034375
0 0.535156 0.429688 0.014063 0.021875
0 0.350781 0.514062 0.017969 0.031250
0 0.140625 0.825781 0.043750 0.054688
0 0.822656 0.523438 0.026563 0.034375
0 0.840625 0.621875 0.025000 0.031250
0 0.829688 0.567969 0.028125 0.029687
1 0.558594 0.435156 0.010938 0.020313
1 0.914062 0.970312 0.050000 0.056250
1 0.534375 0.429688 0.012500 0.021875
1 0.903125 0.921094 0.046875 0.054688
1 0.556250 0.431250 0.015625 0.025000
1 0.446094 0.248438 0.014062 0.028125
1 0.546094 0.432813 0.010937 0.018750
1 0.414844 0.261719 0.012500 0.020313
1 0.350000 0.513281 0.015625 0.026563
1 0.832812 0.593750 0.028125 0.028125
1 0.958594 0.957031 0.060937 0.082812
1 0.607031 0.449219 0.014844 0.024219
1 0.436719 0.239844 0.010937 0.026562
1 0.763281 0.589063 0.023438 0.034375
1 0.825781 0.545312 0.026563 0.034375
1 0.951562 0.938281 0.046875 0.045312
