0 0.621875 0.641406 0.015625 0.029687
0 0.267188 0.647656 0.015625 0.029687
0 0.746875 0.775000 0.021875 0.021875
0 0.202344 0.769531 0.017187 0.014063
0 0.742969 0.774219 0.017188 0.023438
0 0.201563 0.783594 0.018750 0.017188
0 0.285938 0.687500 0.015625 0.031250
0 0.621875 0.680469 0.017969 0.033594
0 0.200781 0.795312 0.017187 0.012500
0 0.304688 0.730469 0.018750 0.028906
0 0.605469 0.641406 0.014063 0.029687
0 0.619531 0.724219 0.017188 0.029687
0 0.346094 0.525781 0.007812 0.023438
1 0.746875 0.774219 0.021875 0.020313
1 0.201563 0.769531 0.018750 0.014063
1 0.285156 0.731250 0.017188 0.028125
1 0.655469 0.723437 0.017188 0.028125
1 0.604688 0.642188 0.015625 0.028125
1 0.603125 0.681250 0.015625 0.031250
1 0.735938 0.767188 0.015625 0.028125
1 0.267188 0.730469 0.019531 0.028125
1 0.300000 0.645312 0.015625 0.031250
1 0.282813 0.645312 0.015625 0.031250
1 0.589063 0.642969 0.015625 0.029687
1 0.303125 0.687500 0.015625 0.031250
1 0.742188 0.774219 0.018750 0.023438
1 0.267969 0.687500 0.017187 0.031250
1 0.200781 0.795312 0.017187 0.012500
1 0.638281 0.723437 0.017969 0.030469
1 0.639844 0.680469 0.017188 0.032813
