0 0.330469 0.588281 0.010937 0.017188
0 0.542969 0.525000 0.013281 0.024219
0 0.692187 0.584375 0.012500 0.018750
0 0.291406 0.557031 0.014063 0.039062
0 0.682813 0.584375 0.009375 0.015625
0 0.685156 0.577344 0.014062 0.020313
0 0.229687 0.614844 0.015625 0.017188
0 0.282813 0.584375 0.012500 0.018750
0 0.248438 0.616406 0.021875 0.035938
0 0.690625 0.591406 0.018750 0.029687
0 0.229687 0.621094 0.018750 0.029688
0 0.338281 0.564063 0.014063 0.028125
0 0.521875 0.539844 0.012500 0.023438
0 0.281250 0.595312 0.009375 0.021875
0 0.321875 0.580469 0.021875 0.029687
0 0.382031 0.539844 0.014062 0.023438
0 0.350000 0.557031 0.009375 0.017188
0 0.260938 0.598437 0.018750 0.031250
0 0.685156 0.582812 0.014062 0.018750
0 0.275781 0.595312 0.014063 0.025000
0 0.554688 0.532031 0.009375 0.020313
0 0.267188 0.595313 0.009375 0.031250
0 0.685937 0.571094 0.012500 0.010937
0 0.681250 0.584375 0.006250 0.015625
0 0.646875 0.567969 0.015625 0.026563
1 0.604688 0.565625 0.012500 0.025000
1 0.712500 0.707031 0.021875 0.039062
1 0.462500 0.990625 0.025000 0.015625
1 0.248438 0.615625 0.021875 0.034375
1 0.290625 0.559375 0.012500 0.034375
1 0.235937 0.632031 0.018750 0.029687
1 0.382031 0.539844 0.014062 0.023438
1 0.521875 0.539844 0.012500 0.023438
1 0.325781 0.521875 0.014063 0.031250
1 0.720312 0.764062 0.025000 0.043750
1 0.727344 0.732813 0.023438 0.040625
1 0.588281 0.565625 0.014062 0.025000
1 0.717969 0.613281 0.017188 0.029688
