0 0.718750 0.522656 0.009375 0.017188
0 0.838281 0.634375 0.023438 0.037500
0 0.571875 0.622656 0.015625 0.017188
0 0.169531 0.754687 0.010937 0.015625
0 0.809375 0.381250 0.012500 0.034375
0 0.571875 0.631250 0.018750 0.034375
0 0.189844 0.867969 0.029688 0.070312
0 0.913281 0.603125 0.022656 0.042969
0 0.550781 0.483594 0.023438 0.048438
0 0.166406 0.853125 0.017187 0.046875
0 0.314063 0.534375 0.018750 0.034375
1 0.809375 0.381250 0.012500 0.034375
1 0.989844 0.774219 0.017188 0.054688
1 0.253125 0.524219 0.012500 0.032813
1 0.236719 0.529687 0.020313 0.031250
1 0.956250 0.877344 0.040625 0.060937
1 0.242188 0.513281 0.015625 0.026563
1 0.237500 0.563281 0.018750 0.042187
1 0.246875 0.519531 0.025000 0.039062
1 0.990625 0.861719 0.015625 0.029687
1 0.249219 0.500000 0.023438 0.034375
1 0.514063 0.689063 0.025000 0.050000
1 0.166406 0.853125 0.017187 0.046875
1 0.242969 0.521875 0.029688 0.040625
