0 0.075000 0.732031 0.013281 0.033594
0 0.074219 0.739062 0.010937 0.018750
0 0.559375 0.678125 0.015625 0.025000
0 0.121094 0.785156 0.014844 0.016406
0 0.553125 0.664062 0.015625 0.028125
0 0.519531 0.600781 0.017187 0.032813
1 0.115625 0.675000 0.012500 0.028125
1 0.686719 0.754687 0.017188 0.037500
1 0.542969 0.642969 0.014063 0.035937
1 0.528125 0.621875 0.012500 0.028125
1 0.539844 0.643750 0.014062 0.034375
1 0.721875 0.864844 0.015625 0.032813
1 0.567187 0.692969 0.017188 0.038281
1 0.558594 0.678906 0.014063 0.023438
1 0.535156 0.632031 0.014063 0.029687
1 0.509375 0.581250 0.012500 0.025000
1 0.553125 0.662500 0.015625 0.028125
1 0.695312 0.859375 0.012500 0.028125
1 0.532813 0.593750 0.015625 0.028125
1 0.518750 0.600000 0.015625 0.031250
