0 0.002344 0.830469 0.004687 0.026563
0 0.950000 0.828125 0.021875 0.062500
0 0.135156 0.896875 0.010937 0.046875
0 0.010938 0.810156 0.012500 0.023438
0 0.628125 0.490625 0.012500 0.015625
0 0.965625 0.683594 0.016406 0.020313
0 0.747656 0.851562 0.035937 0.068750
0 0.749219 0.564844 0.020313 0.032813
1 0.010156 0.810938 0.010937 0.025000
1 0.957031 0.712500 0.026563 0.050000
1 0.705469 0.856250 0.035937 0.068750
1 0.197656 0.884375 0.020313 0.043750
1 0.921094 0.675781 0.029687 0.051562
1 0.957812 0.673438 0.028125 0.034375
1 0.744531 0.806250 0.035937 0.040625
1 0.703906 0.603125 0.025000 0.042969
1 0.765625 0.622656 0.021875 0.035937
