0 0.757812 0.839844 0.009375 0.026563
0 0.762500 0.829688 0.018750 0.012500
0 0.247656 0.914844 0.020313 0.035938
0 0.767188 0.836719 0.012500 0.017188
0 0.770312 0.855469 0.018750 0.020312
0 0.250000 0.871875 0.015625 0.018750
0 0.328125 0.973437 0.018750 0.037500
0 0.762500 0.832812 0.021875 0.040625
0 0.760156 0.838281 0.017188 0.029687
0 0.772656 0.877344 0.020313 0.035937
0 0.250000 0.892187 0.018750 0.021875
0 0.602344 0.701563 0.020313 0.040625
0 0.700781 0.987500 0.020312 0.021875
0 0.709375 0.903125 0.018750 0.035937
0 0.703906 0.532031 0.017188 0.029687
0 0.763281 0.820312 0.014062 0.015625
1 0.773438 0.876563 0.018750 0.034375
1 0.644531 0.553906 0.017187 0.032813
1 0.672656 0.906250 0.017188 0.034375
1 0.770312 0.856250 0.018750 0.025000
1 0.347656 0.971875 0.017188 0.037500
1 0.630469 0.523438 0.017188 0.034375
1 0.247656 0.912500 0.017187 0.031250
1 0.721875 0.986719 0.018750 0.023438
1 0.742188 0.986719 0.018750 0.023438
1 0.250000 0.892969 0.018750 0.020312
1 0.691406 0.903906 0.017187 0.032813
1 0.307813 0.975781 0.018750 0.035938
1 0.725000 0.609375 0.015625 0.021875
1 0.327344 0.973437 0.017188 0.037500
