0 0.540625 0.521875 0.012500 0.018750
0 0.683594 0.575000 0.014063 0.015625
0 0.682031 0.570312 0.014062 0.021875
0 0.687500 0.575781 0.015625 0.014062
0 0.124219 0.724219 0.026563 0.042188
0 0.689844 0.582812 0.017188 0.028125
0 0.051562 0.756250 0.031250 0.040625
0 0.553125 0.526563 0.009375 0.018750
0 0.207813 0.684375 0.012500 0.018750
0 0.644531 0.560156 0.014063 0.026563
0 0.537500 0.625000 0.015625 0.031250
0 0.094531 0.825000 0.026563 0.037500
0 0.364844 0.468750 0.010937 0.018750
1 0.710156 0.696875 0.020313 0.037500
1 0.470313 0.518750 0.009375 0.018750
1 0.123437 0.725781 0.025000 0.039062
1 0.377344 0.435156 0.010937 0.017187
1 0.585938 0.560156 0.012500 0.026563
1 0.094531 0.824219 0.026563 0.035937
1 0.489844 0.510938 0.010937 0.021875
1 0.382812 0.428125 0.021875 0.031250
1 0.286719 0.765625 0.023438 0.043750
1 0.717969 0.753906 0.023438 0.042188
1 0.130469 0.714844 0.017188 0.020312
1 0.725781 0.723437 0.020313 0.040625
1 0.518750 0.537500 0.012500 0.021875
1 0.388281 0.421875 0.014063 0.018750
1 0.602344 0.560938 0.014062 0.025000
1 0.714844 0.606250 0.017187 0.028125
