0 0.228125 0.888281 0.031250 0.045312
0 0.818750 0.806250 0.031250 0.053125
0 0.132031 0.811719 0.032812 0.051563
0 0.743750 0.886719 0.034375 0.060938
0 0.262500 0.346094 0.012500 0.020313
0 0.716406 0.637500 0.020312 0.037500
0 0.360156 0.542188 0.014062 0.028125
0 0.878125 0.824219 0.025000 0.054688
1 0.771875 0.403906 0.018750 0.042187
1 0.073437 0.796094 0.028125 0.035938
1 0.257812 0.354687 0.015625 0.021875
1 0.385937 0.550000 0.015625 0.028125
1 0.709375 0.869531 0.031250 0.054688
1 0.013281 0.815625 0.026562 0.053125
1 0.677344 0.860156 0.029687 0.054688
1 0.047656 0.840625 0.039062 0.053125
1 0.229687 0.678125 0.021875 0.040625
1 0.689844 0.632031 0.020312 0.032813
1 0.049219 0.783594 0.026563 0.023438
1 0.653906 0.617188 0.014062 0.028125
1 0.372656 0.547656 0.014063 0.026562
1 0.451562 0.467969 0.012500 0.020313
1 0.078125 0.864062 0.043750 0.059375
1 0.664844 0.611719 0.017188 0.032813
