0 0.746875 0.616406 0.017969 0.020313
0 0.351562 0.828906 0.018750 0.023438
0 0.328125 0.853906 0.018750 0.014062
0 0.292969 0.846875 0.017188 0.025000
0 0.840625 0.889844 0.012500 0.023438
0 0.739844 0.572656 0.010938 0.017188
1 0.292188 0.846875 0.018750 0.025000
1 0.745313 0.600000 0.012500 0.015625
1 0.350781 0.849219 0.020313 0.023438
1 0.755469 0.638281 0.014062 0.017188
1 0.745313 0.633594 0.009375 0.017188
1 0.618750 0.626563 0.015625 0.028125
1 0.839844 0.842969 0.014063 0.026562
1 0.753906 0.627344 0.013281 0.015625
1 0.296094 0.667969 0.017188 0.014063
1 0.285156 0.835156 0.017188 0.026562
1 0.297656 0.650781 0.014062 0.017188
1 0.771094 0.773438 0.017188 0.034375
1 0.296094 0.653125 0.017188 0.015625
1 0.785937 0.766406 0.015625 0.032813
1 0.703906 0.739844 0.017188 0.032813
1 0.289844 0.854688 0.020313 0.012500
1 0.296094 0.655469 0.017188 0.014062
1 0.296094 0.664844 0.017188 0.014062
1 0.348437 0.846875 0.018750 0.025000
1 0.766406 0.682031 0.020313 0.048438
1 0.350000 0.850781 0.018750 0.020313
1 0.351562 0.828906 0.018750 0.023438
1 0.446094 0.850000 0.020313 0.021875
1 0.258594 0.889844 0.020312 0.023438
1 0.760156 0.659375 0.017969 0.025000
1 0.296094 0.689844 0.017188 0.032813
