0 0.966406 0.809375 0.010938 0.028125
0 0.731250 0.725000 0.028125 0.046875
0 0.228906 0.623437 0.020313 0.034375
0 0.996875 0.977344 0.003125 0.023438
0 0.276562 0.547656 0.015625 0.029687
0 0.659375 0.571094 0.018750 0.032813
0 0.760156 0.727344 0.026563 0.048438
0 0.353125 0.469531 0.012500 0.023438
0 0.625781 0.707031 0.023438 0.045313
0 0.550000 0.450000 0.012500 0.021875
0 0.695312 0.550781 0.021875 0.029688
0 0.823438 0.769531 0.006250 0.023438
0 0.753125 0.620313 0.018750 0.043750
1 0.688281 0.484375 0.014062 0.018750
1 0.303906 0.638281 0.020313 0.035937
1 0.630469 0.551562 0.017188 0.031250
1 0.194531 0.538281 0.017187 0.032813
1 0.680469 0.507812 0.007812 0.025000
1 0.691406 0.503125 0.014063 0.018750
1 0.693750 0.525000 0.015625 0.021875
1 0.306250 0.551562 0.015625 0.028125
1 0.680469 0.499219 0.010937 0.017188
1 0.699219 0.578125 0.023438 0.034375
1 0.210938 0.621094 0.018750 0.035937
1 0.576562 0.584375 0.018750 0.034375
1 0.365625 0.476562 0.012500 0.025000
1 0.256250 0.612500 0.018750 0.031250
1 0.591406 0.570312 0.017188 0.031250
1 0.539844 0.442188 0.012500 0.023438
1 0.250000 0.632031 0.021875 0.035938
1 0.290625 0.549219 0.012500 0.026563
