0 0.855469 0.545312 0.014063 0.015625
0 0.409375 0.789844 0.018750 0.029687
0 0.399219 0.752344 0.017188 0.017188
0 0.871094 0.603125 0.017187 0.018750
0 0.397656 0.764844 0.014062 0.010937
0 0.396875 0.805469 0.018750 0.020313
0 0.862500 0.575000 0.015625 0.021875
0 0.400781 0.793750 0.020313 0.025000
0 0.464063 0.796094 0.018750 0.035938
0 0.411719 0.760156 0.014063 0.014062
0 0.653906 0.345313 0.014062 0.025000
0 0.400000 0.815625 0.015625 0.012500
1 0.400000 0.815625 0.015625 0.012500
1 0.862500 0.557813 0.009375 0.015625
1 0.854688 0.563281 0.009375 0.020313
1 0.882812 0.653125 0.015625 0.028125
1 0.877344 0.618750 0.016406 0.023438
1 0.878125 0.634375 0.018750 0.021875
1 0.858594 0.561719 0.017188 0.023438
1 0.557813 0.810938 0.018750 0.021875
1 0.409375 0.789062 0.015625 0.028125
1 0.407813 0.628906 0.015625 0.017187
1 0.873437 0.621875 0.015625 0.025000
1 0.399219 0.753125 0.017188 0.018750
1 0.400781 0.792188 0.020313 0.025000
1 0.730469 0.588281 0.014063 0.026563
1 0.407813 0.614844 0.015625 0.017188
1 0.428125 0.807031 0.018750 0.029687
1 0.557813 0.811719 0.018750 0.023438
1 0.371875 0.850000 0.021094 0.024219
1 0.866406 0.590625 0.017188 0.021875
1 0.407031 0.653906 0.017188 0.035937
