0 0.774219 0.498437 0.017188 0.015625
0 0.769531 0.515625 0.010938 0.025000
0 0.782813 0.548438 0.018750 0.031250
0 0.774219 0.500781 0.017188 0.017188
0 0.775781 0.517187 0.014062 0.025000
0 0.771094 0.512500 0.017188 0.034375
0 0.789062 0.555469 0.012500 0.017188
0 0.239844 0.742188 0.020313 0.034375
0 0.778125 0.507812 0.012500 0.018750
0 0.771875 0.482812 0.015625 0.015625
0 0.772656 0.496094 0.021094 0.014844
0 0.777344 0.551562 0.007812 0.025000
0 0.784375 0.562500 0.015625 0.021875
0 0.783594 0.559375 0.020312 0.025000
0 0.727344 0.616406 0.017188 0.032813
0 0.779688 0.561719 0.009375 0.023438
0 0.765625 0.494531 0.009375 0.017188
0 0.775781 0.494531 0.014062 0.010937
0 0.772656 0.482812 0.014062 0.015625
0 0.275781 0.536719 0.017187 0.017188
0 0.784375 0.541406 0.015625 0.017188
0 0.778906 0.567969 0.007812 0.023438
1 0.338281 0.678125 0.020313 0.028125
1 0.635938 0.621094 0.018750 0.032812
1 0.792188 0.592187 0.018750 0.034375
1 0.282031 0.490625 0.014062 0.015625
1 0.318750 0.681250 0.018750 0.028125
1 0.333594 0.674219 0.023438 0.035937
1 0.286719 0.503125 0.010156 0.016406
1 0.769531 0.469531 0.014063 0.020313
1 0.224219 0.731250 0.010937 0.031250
1 0.273438 0.552344 0.015625 0.017188
1 0.291406 0.728125 0.020313 0.040625
1 0.789062 0.576563 0.015625 0.021875
1 0.232031 0.757031 0.025000 0.041406
1 0.280469 0.503125 0.014062 0.012500
1 0.278125 0.515625 0.015625 0.025000
1 0.274219 0.570312 0.017188 0.028125
1 0.250000 0.675781 0.018750 0.032812
1 0.279687 0.518750 0.015625 0.018750
1 0.760156 0.474219 0.007812 0.017187
1 0.278906 0.507031 0.014063 0.017188
1 0.231250 0.676562 0.015625 0.031250
1 0.779687 0.528125 0.015625 0.021875
1 0.691406 0.622656 0.017187 0.032813
1 0.236719 0.721094 0.017187 0.023438
1 0.282031 0.490625 0.014062 0.015625
1 0.708594 0.616406 0.017188 0.032813
1 0.272656 0.575000 0.020313 0.031250
1 0.286719 0.493750 0.007812 0.018750
