0 0.358594 0.572656 0.010937 0.020312
0 0.371094 0.573438 0.010938 0.018750
0 0.348438 0.595313 0.009375 0.015625
0 0.377344 0.550000 0.007812 0.018750
0 0.374219 0.596875 0.010937 0.015625
0 0.515625 0.496094 0.006250 0.014063
0 0.367188 0.549219 0.010937 0.020313
0 0.582031 0.585156 0.010938 0.020313
0 0.413281 0.516406 0.007812 0.014062
0 0.575781 0.610938 0.010938 0.015625
0 0.587500 0.562500 0.009375 0.018750
1 0.571094 0.585156 0.010937 0.020313
1 0.360156 0.595313 0.010937 0.015625
1 0.653125 0.653125 0.014844 0.018750
1 0.376563 0.550781 0.009375 0.020312
1 0.373437 0.596875 0.012500 0.015625
1 0.575781 0.610156 0.010938 0.014062
1 0.589063 0.611719 0.012500 0.017188
1 0.350000 0.596094 0.009375 0.014062
1 0.382812 0.573438 0.009375 0.018750
1 0.581250 0.585938 0.009375 0.021875
1 0.387500 0.551562 0.010937 0.019531
1 0.358594 0.572656 0.010937 0.020312
1 0.576563 0.562500 0.009375 0.018750
1 0.567187 0.560156 0.009375 0.020312
1 0.592969 0.586719 0.010937 0.020313
1 0.601562 0.611719 0.009375 0.017188
