0 0.224219 0.757031 0.010937 0.026562
0 0.734375 0.552344 0.006250 0.020312
0 0.737500 0.528125 0.014844 0.015625
0 0.279687 0.522656 0.015625 0.017188
0 0.803125 0.735156 0.015625 0.023438
0 0.837500 0.779687 0.009375 0.018750
0 0.776563 0.732812 0.015625 0.018750
0 0.706250 0.575000 0.015625 0.025000
0 0.735938 0.515625 0.011719 0.015625
0 0.278125 0.537500 0.015625 0.018750
0 0.796094 0.739062 0.010937 0.018750
0 0.200781 0.747656 0.023438 0.017188
0 0.790625 0.775781 0.018750 0.020312
0 0.275781 0.628906 0.017187 0.026563
0 0.838281 0.780469 0.007812 0.017188
0 0.804688 0.735937 0.012500 0.021875
0 0.277344 0.559375 0.017188 0.034375
0 0.742969 0.561719 0.017188 0.020313
0 0.270312 0.654687 0.018750 0.034375
0 0.809375 0.776563 0.018750 0.021875
0 0.784375 0.763281 0.018750 0.020312
0 0.792188 0.727344 0.015625 0.020313
0 0.746875 0.579688 0.019531 0.029687
0 0.730469 0.534375 0.007812 0.018750
0 0.199219 0.759375 0.023438 0.021875
0 0.760156 0.724219 0.017188 0.032813
0 0.707031 0.589063 0.010156 0.009375
0 0.510938 0.732031 0.018750 0.017188
0 0.727344 0.518750 0.007812 0.018750
0 0.740625 0.544531 0.012500 0.017188
0 0.739062 0.549219 0.015625 0.023438
0 0.732812 0.517969 0.015625 0.020312
0 0.271875 0.646875 0.018750 0.021875
0 0.803906 0.764062 0.017188 0.018750
0 0.269531 0.664062 0.014062 0.015625
1 0.776563 0.732812 0.015625 0.018750
1 0.860156 0.397656 0.014062 0.017188
1 0.688281 0.576562 0.017188 0.028125
1 0.810156 0.777344 0.020313 0.021094
1 0.304688 0.564844 0.015625 0.029687
1 0.279687 0.522656 0.015625 0.017188
1 0.278125 0.537500 0.015625 0.018750
1 0.805469 0.763281 0.017188 0.017188
1 0.278125 0.542188 0.018750 0.018750
1 0.820312 0.764844 0.012500 0.017188
1 0.737500 0.528906 0.012500 0.014062
1 0.199219 0.758594 0.023438 0.020313
1 0.317187 0.719531 0.018750 0.023438
1 0.791406 0.726562 0.014062 0.021875
1 0.743750 0.560937 0.015625 0.018750
1 0.425000 0.725781 0.023438 0.021094
1 0.784375 0.763281 0.018750 0.017188
1 0.392188 0.551562 0.015625 0.031250
1 0.509375 0.731250 0.018750 0.015625
1 0.790625 0.776563 0.018750 0.018750
1 0.730469 0.534375 0.007812 0.018750
1 0.224219 0.757812 0.010937 0.025000
1 0.746875 0.578906 0.015625 0.026562
1 0.278125 0.557031 0.015625 0.029687
1 0.795312 0.740625 0.015625 0.015625
