0 0.321094 0.721875 0.014063 0.027344
0 0.368750 0.767187 0.012500 0.025000
0 0.269531 0.841406 0.014062 0.023438
0 0.678906 0.682813 0.014062 0.031250
0 0.367969 0.737500 0.010937 0.021875
0 0.264062 0.846094 0.015625 0.017188
0 0.434375 0.799219 0.013281 0.014063
0 0.892188 0.566406 0.012500 0.023438
0 0.607812 0.800000 0.012500 0.021875
0 0.275781 0.834375 0.014063 0.025000
0 0.365625 0.798437 0.012500 0.021875
0 0.351562 0.798438 0.012500 0.018750
0 0.678906 0.711719 0.017188 0.029687
1 0.678906 0.682031 0.014062 0.029687
1 0.679688 0.712500 0.015625 0.028125
1 0.275781 0.835156 0.014063 0.023438
1 0.502344 0.692969 0.010937 0.020312
1 0.676562 0.617188 0.012500 0.025000
1 0.607812 0.800000 0.014844 0.024219
1 0.337500 0.798438 0.012500 0.018750
1 0.380469 0.736719 0.010937 0.023438
1 0.351562 0.798438 0.012500 0.018750
1 0.367969 0.767187 0.010937 0.025000
1 0.382031 0.767969 0.013281 0.025781
1 0.689844 0.851562 0.010938 0.015625
1 0.354688 0.767969 0.012500 0.023438
1 0.264062 0.846094 0.015625 0.017188
1 0.402344 0.488281 0.014063 0.025000
1 0.636719 0.800000 0.014063 0.021875
1 0.392969 0.737500 0.010937 0.021875
1 0.621875 0.800781 0.012500 0.020312
1 0.269531 0.841406 0.014062 0.023438
1 0.572656 0.700000 0.010938 0.021875
