0 0.377344 0.500000 0.012500 0.014844
0 0.035156 0.552344 0.045313 0.057813
0 0.313281 0.507031 0.018750 0.033594
0 0.828125 0.478906 0.025000 0.032812
0 0.992969 0.858594 0.010937 0.039062
0 0.452344 0.539844 0.026562 0.054688
1 0.830469 0.500781 0.023438 0.029687
1 0.915625 0.946875 0.046875 0.078125
1 0.832812 0.520312 0.025000 0.028125
1 0.847656 0.604688 0.026563 0.043750
1 0.874219 0.796094 0.035938 0.057812
1 0.897656 0.719531 0.039062 0.045312
1 0.171094 0.595313 0.025781 0.042969
1 0.426563 0.502344 0.015625 0.029688
1 0.273438 0.530469 0.021875 0.035156
1 0.840625 0.545313 0.021875 0.025000
1 0.232812 0.554688 0.021875 0.037500
1 0.932813 0.812500 0.040625 0.071875
1 0.324219 0.439063 0.014062 0.034375
1 0.842188 0.565625 0.021875 0.031250
1 0.827344 0.551562 0.010937 0.031250
1 0.508594 0.389062 0.014062 0.025000
1 0.853125 0.700000 0.028125 0.050000
1 0.452344 0.540625 0.026562 0.053125
1 0.539062 0.395312 0.012500 0.018750
1 0.562500 0.397656 0.012500 0.020313
