0 0.531250 0.907813 0.018750 0.034375
0 0.830469 0.892188 0.019531 0.032031
0 0.457813 0.759375 0.015625 0.018750
0 0.935937 0.849219 0.018750 0.032813
0 0.932813 0.827344 0.015625 0.020313
0 0.553125 0.903906 0.015625 0.032813
0 0.585938 0.731250 0.006250 0.025000
0 0.725781 0.846094 0.007812 0.023438
0 0.447656 0.935156 0.017187 0.020312
0 0.725781 0.843750 0.007812 0.018750
0 0.673437 0.914844 0.037500 0.064063
1 0.928125 0.803125 0.015625 0.031250
1 0.600000 0.771875 0.014844 0.030469
1 0.927344 0.792188 0.010938 0.015625
1 0.776563 0.774219 0.015625 0.026562
1 0.536719 0.775781 0.014062 0.029687
1 0.935937 0.848437 0.018750 0.031250
1 0.921875 0.810937 0.012500 0.028125
1 0.582031 0.860938 0.014063 0.031250
1 0.457813 0.776563 0.015625 0.018750
1 0.455469 0.825000 0.017187 0.031250
1 0.456250 0.790625 0.015625 0.015625
1 0.456250 0.803906 0.015625 0.017188
1 0.511719 0.577344 0.014063 0.029687
1 0.929688 0.810156 0.015625 0.023438
1 0.625781 0.769531 0.013281 0.030469
1 0.574219 0.871094 0.018750 0.034375
1 0.928125 0.795312 0.012500 0.015625
1 0.453906 0.838281 0.014062 0.014062
