0 0.641406 0.471875 0.010156 0.021875
0 0.822656 0.649219 0.029687 0.051563
0 0.496875 0.602344 0.021875 0.048438
0 0.025000 0.774219 0.028125 0.048438
0 0.301563 0.653906 0.031250 0.054688
0 0.630469 0.472656 0.010938 0.020312
0 0.274219 0.528906 0.023438 0.042188
0 0.285156 0.582031 0.026563 0.048437
0 0.782031 0.585938 0.023438 0.043750
0 0.517969 0.703906 0.017188 0.007812
0 0.555469 0.595312 0.029687 0.053125
0 0.707812 0.718750 0.034375 0.040625
0 0.635938 0.472656 0.018750 0.020312
0 0.754687 0.536719 0.021875 0.039062
1 0.025781 0.745313 0.026562 0.043750
1 0.879687 0.649219 0.028125 0.048438
1 0.675781 0.718750 0.026563 0.040625
1 0.032031 0.810937 0.023437 0.062500
1 0.298438 0.529688 0.025000 0.040625
1 0.314063 0.583594 0.025000 0.048438
1 0.257031 0.582031 0.026563 0.048437
1 0.268750 0.653125 0.031250 0.056250
1 0.243750 0.653125 0.015625 0.050000
1 0.852344 0.649219 0.029687 0.048438
1 0.732031 0.535156 0.020312 0.039062
1 0.757031 0.585938 0.026562 0.043750
1 0.323437 0.529688 0.021875 0.040625
1 0.742188 0.717188 0.028125 0.040625
1 0.716406 0.531250 0.012500 0.034375
1 0.806250 0.585156 0.025000 0.045312
