0 0.654688 0.957812 0.021875 0.034375
0 0.126562 0.709375 0.015625 0.025000
0 0.131250 0.945312 0.025000 0.043750
0 0.101562 0.922656 0.018750 0.032813
0 0.100781 0.968750 0.023438 0.043750
1 0.682813 0.756250 0.015625 0.012500
1 0.630469 0.957812 0.023438 0.040625
1 0.683594 0.744531 0.017187 0.023438
1 0.101562 0.923438 0.018750 0.034375
1 0.035156 0.958594 0.014063 0.026563
1 0.394531 0.945312 0.010938 0.031250
1 0.100781 0.968750 0.023438 0.043750
1 0.123438 0.732031 0.021875 0.032813
1 0.204687 0.689844 0.018750 0.032813
1 0.113281 0.820312 0.020313 0.040625
1 0.095312 0.977344 0.012500 0.029687
1 0.348438 0.946094 0.021875 0.023438
