0 0.393750 0.902344 0.018750 0.032812
0 0.546875 0.517188 0.015625 0.028125
0 0.893750 0.899219 0.021875 0.032813
0 0.914844 0.889062 0.014062 0.018750
0 0.771875 0.716406 0.018750 0.042188
0 0.327344 0.477344 0.020313 0.042187
1 0.889844 0.856250 0.019531 0.035937
1 0.479688 0.734375 0.012500 0.025000
1 0.902344 0.857812 0.017187 0.028125
1 0.374219 0.907812 0.020313 0.037500
1 0.473438 0.837500 0.006250 0.021875
1 0.916406 0.887500 0.017188 0.021875
1 0.353906 0.914062 0.020313 0.034375
1 0.796875 0.778125 0.018750 0.037500
1 0.272656 0.388281 0.017188 0.032812
1 0.394531 0.901563 0.017188 0.031250
1 0.932813 0.897656 0.021875 0.039062
1 0.759375 0.696094 0.012500 0.029687
