0 0.770312 0.030469 0.021875 0.045312
0 0.103125 0.639844 0.031250 0.032813
0 0.075000 0.672656 0.037500 0.048438
0 0.287500 0.496094 0.018750 0.032812
0 0.461719 0.545312 0.017188 0.034375
0 0.344531 0.478906 0.017188 0.029688
1 0.566406 0.384375 0.014063 0.025000
1 0.864062 0.992969 0.034375 0.010937
1 0.837500 0.485156 0.025000 0.026562
1 0.175000 0.580469 0.025000 0.042188
1 0.360938 0.490625 0.015625 0.028125
1 0.852344 0.590625 0.029687 0.046875
1 0.844531 0.533594 0.026562 0.035937
1 0.152344 0.664844 0.029687 0.042187
1 0.229687 0.546875 0.021875 0.037500
1 0.392188 0.328906 0.012500 0.026562
1 0.842187 0.508594 0.028125 0.029687
1 0.276562 0.516406 0.021875 0.032813
1 0.833594 0.463281 0.023438 0.029688
1 0.437500 0.160938 0.015625 0.028125
1 0.848437 0.554688 0.028125 0.025000
1 0.528125 0.275000 0.012500 0.025000
1 0.718750 0.042188 0.021875 0.046875
