0 0.451562 0.606250 0.025000 0.015625
0 0.490625 0.575000 0.025000 0.015625
0 0.407031 0.763281 0.029687 0.017188
0 0.623437 0.711719 0.016406 0.012500
0 0.273438 0.119531 0.034375 0.026563
0 0.413281 0.746094 0.029687 0.017187
0 0.248437 0.127344 0.031250 0.029687
0 0.507812 0.763281 0.028125 0.014062
0 0.461719 0.578906 0.026562 0.014062
0 0.456250 0.560156 0.021875 0.014062
0 0.511719 0.778125 0.032812 0.021875
0 0.496875 0.787500 0.028125 0.021875
1 0.160938 0.153906 0.043750 0.026562
1 0.508594 0.763281 0.029687 0.014062
1 0.599219 0.486719 0.023438 0.010937
1 0.221875 0.136719 0.031250 0.029687
1 0.490625 0.574219 0.021875 0.014063
1 0.249219 0.127344 0.029687 0.029687
1 0.407813 0.762500 0.028125 0.015625
1 0.451562 0.606250 0.025000 0.015625
1 0.195312 0.144531 0.034375 0.026562
1 0.413281 0.714063 0.029687 0.018750
1 0.354687 0.833594 0.037500 0.023438
1 0.461719 0.578906 0.026562 0.014062
1 0.464062 0.456250 0.021875 0.012500
1 0.351562 0.799219 0.037500 0.023438
1 0.428906 0.782813 0.023438 0.018750
1 0.495312 0.787500 0.025000 0.018750
1 0.512500 0.777344 0.031250 0.020312
1 0.483594 0.515625 0.023438 0.015625
1 0.455469 0.560156 0.023438 0.014062
1 0.308594 0.626562 0.032813 0.021875
1 0.403125 0.778906 0.028125 0.014062
