0 0.698438 0.773438 0.018750 0.040625
0 0.292188 0.707812 0.018750 0.034375
0 0.296094 0.757812 0.020313 0.037500
0 0.685938 0.825781 0.021875 0.035937
0 0.716406 0.726562 0.020312 0.037500
0 0.290625 0.807813 0.021875 0.034375
1 0.696875 0.725781 0.018750 0.035938
1 0.310937 0.708594 0.018750 0.035937
1 0.731250 0.828125 0.021875 0.034375
1 0.677344 0.725781 0.021094 0.038281
1 0.246094 0.805469 0.020312 0.032813
1 0.675781 0.773438 0.020312 0.037500
1 0.719531 0.775781 0.020313 0.039062
1 0.267969 0.807031 0.020313 0.032813
1 0.328125 0.703125 0.014063 0.024219
1 0.317969 0.757031 0.021094 0.039062
1 0.276562 0.755469 0.021094 0.039844
1 0.708594 0.827344 0.020312 0.035938
1 0.332031 0.709375 0.017188 0.034375
