0 0.829688 0.457812 0.012500 0.028125
0 0.804688 0.751563 0.019531 0.031250
0 0.857031 0.600781 0.017188 0.020313
0 0.403906 0.757812 0.017187 0.018750
0 0.385937 0.750000 0.015625 0.015625
0 0.383594 0.805469 0.020313 0.023438
0 0.467969 0.738281 0.017188 0.026563
0 0.492969 0.408594 0.010937 0.023438
0 0.384375 0.764062 0.015625 0.012500
0 0.848437 0.571094 0.015625 0.020313
0 0.387500 0.791406 0.018750 0.026563
0 0.854688 0.582812 0.015625 0.015625
0 0.446094 0.790625 0.019531 0.032031
0 0.854688 0.570312 0.009375 0.015625
0 0.384375 0.763281 0.015625 0.010938
0 0.386719 0.813281 0.017188 0.014062
0 0.803906 0.732812 0.017188 0.018750
1 0.464062 0.750781 0.015625 0.026562
1 0.857812 0.623437 0.012500 0.031250
1 0.857031 0.599219 0.017188 0.017188
1 0.393750 0.785937 0.015625 0.021875
1 0.846875 0.588281 0.009375 0.020312
1 0.385156 0.752344 0.017187 0.020312
1 0.717187 0.585156 0.012500 0.026562
1 0.845313 0.556250 0.015625 0.018750
1 0.822656 0.753125 0.017188 0.028125
1 0.394531 0.620313 0.017188 0.018750
1 0.867969 0.649219 0.017188 0.032813
1 0.838281 0.557813 0.007812 0.021875
1 0.867188 0.630469 0.018750 0.026563
1 0.394531 0.643750 0.017188 0.031250
1 0.382812 0.804688 0.018750 0.021875
1 0.387500 0.789844 0.018750 0.026562
1 0.841406 0.753125 0.017188 0.028125
1 0.417188 0.799219 0.018750 0.035937
1 0.856250 0.582812 0.012500 0.015625
1 0.937500 0.802344 0.009375 0.029687
1 0.397656 0.564063 0.014062 0.031250
1 0.803906 0.732812 0.017188 0.018750
1 0.358594 0.849219 0.020313 0.023438
1 0.852344 0.587500 0.017188 0.021875
1 0.810937 0.619531 0.015625 0.032813
1 0.544531 0.810938 0.017188 0.021875
1 0.386719 0.814063 0.017188 0.012500
