0 0.532031 0.673437 0.010937 0.021875
0 0.558594 0.743750 0.010938 0.021875
0 0.125000 0.853906 0.018750 0.023438
0 0.562500 0.732813 0.012500 0.025000
0 0.557031 0.730469 0.010938 0.023438
0 0.557031 0.735156 0.010938 0.026562
0 0.571094 0.745313 0.010937 0.021875
0 0.567187 0.742969 0.012500 0.020313
1 0.698438 0.934375 0.012500 0.037500
1 0.529688 0.561719 0.009375 0.023438
1 0.551562 0.715625 0.012500 0.025000
1 0.545312 0.703906 0.014063 0.028906
1 0.577344 0.829688 0.017188 0.034375
1 0.575781 0.762500 0.017188 0.034375
1 0.538281 0.692187 0.014062 0.028125
