0 0.770312 0.823438 0.006250 0.018750
0 0.661719 0.982031 0.014062 0.026563
0 0.132812 0.983594 0.018750 0.029687
0 0.246875 0.961719 0.017188 0.025781
0 0.195312 0.848437 0.022656 0.039844
0 0.764844 0.797656 0.007812 0.029687
0 0.755469 0.969531 0.017188 0.020313
1 0.671094 0.716406 0.017188 0.032813
1 0.724219 0.764844 0.017188 0.032813
1 0.154687 0.926562 0.006250 0.028125
1 0.310937 0.821875 0.015625 0.037500
1 0.733594 0.973437 0.023438 0.031250
1 0.661719 0.982813 0.014062 0.025000
1 0.212500 0.760156 0.018750 0.035937
1 0.197656 0.988281 0.010937 0.020312
1 0.768750 0.773438 0.015625 0.021875
