0 0.685156 0.791406 0.020312 0.039062
0 0.767188 0.701562 0.015625 0.018750
0 0.210938 0.680469 0.018750 0.032813
0 0.201562 0.807031 0.021875 0.026563
0 0.394531 0.802344 0.020312 0.039062
0 0.672656 0.842969 0.020313 0.035938
0 0.764062 0.617188 0.015625 0.037500
0 0.282813 0.699219 0.015625 0.017187
0 0.216406 0.891406 0.023438 0.042187
1 0.356250 0.729688 0.020313 0.039062
1 0.190625 0.742188 0.006250 0.025000
1 0.301563 0.718750 0.015625 0.034375
1 0.235156 0.588281 0.017187 0.039062
1 0.695312 0.845313 0.021875 0.034375
1 0.760938 0.484375 0.018750 0.034375
1 0.217969 0.659375 0.017187 0.021875
1 0.187500 0.865625 0.023438 0.035937
1 0.254687 0.806250 0.018750 0.034375
1 0.234375 0.803906 0.021094 0.035937
1 0.717969 0.848437 0.020313 0.034375
1 0.678125 0.650781 0.015625 0.032813
1 0.663281 0.790625 0.020313 0.037500
1 0.242188 0.596094 0.009375 0.032813
1 0.407813 0.624219 0.018750 0.033594
1 0.217969 0.846094 0.020312 0.026563
1 0.707031 0.794531 0.020312 0.039062
