0 0.563281 0.508594 0.007812 0.017188
0 0.697656 0.567969 0.014062 0.020312
0 0.701563 0.562500 0.009375 0.009375
0 0.317969 0.503906 0.014063 0.023438
0 0.699219 0.576562 0.017187 0.028125
0 0.307813 0.504687 0.012500 0.015625
0 0.228906 0.594531 0.020313 0.032813
0 0.694531 0.561719 0.014062 0.023438
0 0.169531 0.903125 0.029688 0.046875
0 0.442969 0.307813 0.010937 0.028125
0 0.551562 0.504687 0.012500 0.021875
0 0.653906 0.548437 0.014062 0.025000
0 0.185938 0.871875 0.018750 0.028125
0 0.304688 0.515625 0.012500 0.021875
0 0.170313 0.900000 0.031250 0.050000
0 0.328906 0.489844 0.014062 0.023438
1 0.732813 0.718750 0.025000 0.043750
1 0.471875 0.373437 0.012500 0.021875
1 0.084375 0.686719 0.028125 0.039062
1 0.115625 0.680469 0.025000 0.035938
1 0.328906 0.490625 0.014062 0.021875
1 0.129688 0.657031 0.025000 0.035938
1 0.524219 0.502344 0.010937 0.010937
1 0.717188 0.691406 0.021875 0.039062
1 0.558594 0.521094 0.010938 0.023438
1 0.725781 0.599219 0.017188 0.029687
