0 0.625000 0.970312 0.037500 0.056250
0 0.796875 0.631250 0.021875 0.034375
0 0.496875 0.714063 0.021875 0.043750
0 0.797656 0.927344 0.035938 0.039062
0 0.810937 0.655469 0.024219 0.044531
0 0.756250 0.717187 0.025000 0.034375
0 0.109375 0.991406 0.034375 0.014062
0 0.763281 0.973437 0.035937 0.050000
0 0.774219 0.322656 0.017188 0.032812
0 0.731250 0.978906 0.040625 0.039062
1 0.774219 0.321875 0.014063 0.033594
1 0.794531 0.968750 0.035937 0.059375
1 0.924219 0.859375 0.032813 0.043750
1 0.082031 0.942187 0.007812 0.037500
1 0.656250 0.960156 0.034375 0.070312
1 0.899219 0.822656 0.029687 0.051562
1 0.170312 0.657813 0.009375 0.028125
1 0.082031 0.941406 0.007812 0.039062
1 0.158594 0.654687 0.017187 0.031250
1 0.160938 0.689844 0.015625 0.042188
1 0.161719 0.655469 0.023438 0.032813
1 0.939063 0.968750 0.028906 0.061719
1 0.681250 0.982031 0.037500 0.032813
1 0.680469 0.303125 0.017188 0.031250
1 0.796094 0.631250 0.020313 0.034375
1 0.109375 0.991406 0.034375 0.014062
