0 0.783594 0.967187 0.042188 0.062500
0 0.775781 0.632812 0.017188 0.028125
0 0.265625 0.544531 0.018750 0.032813
0 0.690625 0.535156 0.018750 0.032812
0 0.822656 0.996094 0.020312 0.004687
0 0.311719 0.476562 0.014062 0.028125
0 0.967969 0.992969 0.029687 0.010937
0 0.651563 0.665625 0.025781 0.046094
0 0.120312 0.240625 0.015625 0.031250
0 0.731250 0.514844 0.018750 0.023438
1 0.621094 0.528125 0.018750 0.033594
1 0.732031 0.544531 0.023438 0.032813
1 0.724219 0.469531 0.020312 0.020313
1 0.234375 0.462500 0.015625 0.031250
1 0.284375 0.548438 0.018750 0.031250
1 0.249219 0.541406 0.017187 0.032813
1 0.340625 0.482812 0.015625 0.028125
1 0.725781 0.494531 0.023438 0.029688
1 0.822656 0.996094 0.020312 0.004687
1 0.724219 0.481250 0.023438 0.021875
1 0.604688 0.541406 0.018750 0.032813
1 0.661719 0.512500 0.017188 0.031250
1 0.325781 0.480469 0.014063 0.026563
