0 0.257812 0.467187 0.015625 0.021875
0 0.526563 0.495312 0.013281 0.024219
0 0.485938 0.476562 0.009375 0.018750
0 0.277344 0.444531 0.015625 0.025781
0 0.135156 0.509375 0.014063 0.025000
0 0.103906 0.789062 0.032813 0.050000
0 0.409375 0.464844 0.009375 0.020312
0 0.271875 0.451562 0.009375 0.018750
0 0.462500 0.467187 0.012500 0.015625
0 0.263281 0.455469 0.014063 0.023438
0 0.246875 0.481250 0.015625 0.025000
0 0.512500 0.488281 0.012500 0.020312
0 0.439844 0.482812 0.010937 0.021875
0 0.222656 0.510156 0.017188 0.023438
0 0.420312 0.466406 0.012500 0.017187
0 0.460938 0.484375 0.012500 0.021875
0 0.477344 0.474219 0.012500 0.021875
0 0.266406 0.454688 0.014062 0.021875
0 0.405469 0.461719 0.004688 0.017188
1 0.650781 0.614844 0.020312 0.023438
1 0.135156 0.509375 0.014063 0.025000
1 0.288281 0.430469 0.014844 0.024219
1 0.234375 0.492969 0.015625 0.026562
1 0.209375 0.525781 0.015625 0.023438
1 0.273438 0.598437 0.018750 0.031250
1 0.419531 0.466406 0.010937 0.017187
1 0.644531 0.682813 0.023438 0.037500
1 0.247656 0.482031 0.014063 0.026562
1 0.638281 0.686719 0.010938 0.023438
1 0.297656 0.420312 0.014062 0.021875
1 0.650781 0.655469 0.010938 0.020313
1 0.639844 0.654687 0.016406 0.028125
1 0.439844 0.482812 0.010937 0.021875
1 0.301563 0.304688 0.009375 0.015625
1 0.462500 0.470313 0.012500 0.015625
1 0.635156 0.630469 0.014062 0.029687
1 0.648438 0.642188 0.015625 0.028125
