0 0.738281 0.574219 0.007812 0.035937
0 0.753906 0.575000 0.026563 0.037500
0 0.802344 0.678125 0.029687 0.050000
0 0.261719 0.458594 0.017188 0.029688
0 0.325000 0.333594 0.012500 0.020313
0 0.794531 0.757031 0.032813 0.054688
0 0.467969 0.401563 0.010937 0.028125
0 0.314844 0.349219 0.017187 0.026562
0 0.828906 0.763281 0.032813 0.054688
0 0.347656 0.318750 0.020312 0.043750
0 0.674219 0.650000 0.023438 0.043750
0 0.329688 0.333594 0.012500 0.020313
0 0.625000 0.438281 0.014844 0.024219
0 0.771875 0.673438 0.028125 0.046875
0 0.751562 0.543750 0.025000 0.028125
0 0.272656 0.444531 0.014062 0.023438
1 0.491406 0.414844 0.014062 0.023438
1 0.754687 0.574219 0.025000 0.035937
1 0.467969 0.401563 0.010937 0.028125
1 0.239844 0.492188 0.017187 0.031250
1 0.314063 0.350000 0.015625 0.025000
1 0.281250 0.519531 0.015625 0.029688
1 0.262500 0.459375 0.015625 0.028125
1 0.252344 0.473437 0.017187 0.028125
1 0.543750 0.430469 0.012500 0.023438
1 0.571094 0.628906 0.020313 0.039062
1 0.475781 0.414844 0.014062 0.020313
1 0.628906 0.628125 0.020312 0.040625
1 0.635938 0.442969 0.012500 0.026562
