0 0.196094 0.656250 0.017187 0.018750
0 0.345313 0.431250 0.012500 0.018750
0 0.345313 0.421094 0.009375 0.010937
0 0.385937 0.473438 0.013281 0.024219
0 0.075000 0.600781 0.025000 0.026562
0 0.738281 0.557031 0.020312 0.026563
0 0.347656 0.424219 0.007812 0.014063
0 0.340625 0.433594 0.009375 0.017188
0 0.077344 0.592188 0.020312 0.009375
0 0.439063 0.671094 0.012500 0.023438
0 0.329688 0.446875 0.015625 0.034375
0 0.348438 0.435156 0.006250 0.014063
0 0.353906 0.424219 0.010937 0.017187
0 0.153906 0.578906 0.020313 0.032813
0 0.728125 0.630469 0.018750 0.045312
0 0.111719 0.589844 0.023438 0.032812
0 0.343750 0.433594 0.012500 0.017188
0 0.742188 0.534375 0.018750 0.021875
0 0.351562 0.430469 0.006250 0.010937
0 0.396094 0.477344 0.010937 0.020313
0 0.349219 0.428906 0.007812 0.014062
0 0.403906 0.483594 0.014063 0.023438
0 0.357812 0.422656 0.006250 0.010937
0 0.350000 0.419531 0.009375 0.010937
0 0.219531 0.643750 0.007812 0.015625
1 0.746094 0.515625 0.017187 0.021875
1 0.396094 0.478906 0.010937 0.023438
1 0.738281 0.557813 0.020312 0.028125
1 0.403906 0.483594 0.014063 0.023438
1 0.310156 0.489844 0.014063 0.026563
1 0.312500 0.607812 0.018750 0.031250
1 0.079687 0.614844 0.028125 0.035937
1 0.734375 0.577344 0.015625 0.026562
1 0.112500 0.589844 0.021875 0.032812
1 0.134375 0.576562 0.018750 0.028125
1 0.330469 0.446094 0.014063 0.032813
1 0.728125 0.630469 0.018750 0.042188
1 0.732031 0.598437 0.014062 0.018750
1 0.742188 0.533594 0.018750 0.020312
