0 0.529688 0.498437 0.006250 0.018750
0 0.661719 0.549219 0.017188 0.026563
0 0.300781 0.492969 0.014062 0.026562
0 0.310937 0.483594 0.012500 0.020313
0 0.199219 0.516406 0.014062 0.023438
0 0.452344 0.483594 0.004688 0.017188
0 0.322656 0.685938 0.020313 0.037500
0 0.289844 0.509375 0.014062 0.021875
0 0.659375 0.529688 0.009375 0.009375
0 0.657031 0.535937 0.014062 0.021875
0 0.461719 0.485156 0.010937 0.020313
0 0.521094 0.496094 0.010938 0.020312
0 0.619531 0.528125 0.014062 0.025000
0 0.665625 0.547656 0.009375 0.026562
1 0.689063 0.569531 0.015625 0.026562
1 0.278125 0.525781 0.015625 0.026563
1 0.199219 0.517187 0.010937 0.021875
1 0.682813 0.660156 0.018750 0.035937
1 0.484375 0.507031 0.012500 0.020313
1 0.263281 0.536719 0.014063 0.023438
1 0.106250 0.650781 0.015625 0.014062
1 0.301562 0.494531 0.012500 0.023438
1 0.223438 0.915625 0.034375 0.062500
1 0.301563 0.611719 0.015625 0.029687
1 0.691406 0.713281 0.023438 0.042188
1 0.319531 0.470313 0.014062 0.021875
1 0.697656 0.683594 0.020312 0.039062
1 0.346875 0.666406 0.018750 0.035937
1 0.461719 0.484375 0.010937 0.018750
1 0.507031 0.492969 0.010937 0.020313
1 0.671094 0.597656 0.017188 0.029688
