0 0.790625 0.767969 0.023438 0.026562
0 0.049219 0.795312 0.023438 0.034375
0 0.782031 0.757031 0.023438 0.020313
0 0.018750 0.794531 0.012500 0.026563
0 0.018750 0.793750 0.012500 0.025000
0 0.469531 0.460156 0.014844 0.029687
0 0.296094 0.660937 0.014062 0.034375
0 0.780469 0.722656 0.024219 0.028125
0 0.146875 0.457812 0.015625 0.018750
0 0.139844 0.542188 0.020312 0.021875
0 0.009375 0.808594 0.018750 0.026563
0 0.019531 0.792969 0.014844 0.025781
0 0.607031 0.726562 0.023438 0.040625
0 0.394531 0.634375 0.035937 0.075000
0 0.663281 0.328125 0.017188 0.032031
1 0.596094 0.648438 0.020312 0.040625
1 0.778125 0.757031 0.015625 0.017188
1 0.699219 0.493750 0.014063 0.028125
1 0.663281 0.328906 0.017188 0.032813
1 0.049219 0.792188 0.023438 0.028125
1 0.199219 0.760156 0.023438 0.045312
1 0.784375 0.757812 0.018750 0.018750
1 0.729688 0.212500 0.021094 0.036719
1 0.703906 0.553125 0.014062 0.012500
1 0.003906 0.808594 0.007812 0.023438
1 0.819531 0.757031 0.014062 0.020313
1 0.062500 0.802344 0.025000 0.023438
1 0.800000 0.755469 0.012500 0.017188
1 0.757812 0.760156 0.021875 0.020312
1 0.035156 0.805469 0.026563 0.023438
1 0.143750 0.490625 0.015625 0.018750
1 0.645312 0.267188 0.012500 0.009375
1 0.142969 0.507031 0.017187 0.017188
1 0.139063 0.565625 0.021875 0.033594
1 0.141406 0.522656 0.017187 0.020313
1 0.700781 0.519531 0.017188 0.023438
1 0.689844 0.510156 0.007812 0.023438
1 0.146094 0.475781 0.017187 0.017188
1 0.692969 0.488281 0.014062 0.026563
1 0.766406 0.771094 0.025000 0.025000
1 0.705469 0.539844 0.017188 0.035938
1 0.685156 0.491406 0.007812 0.023438
1 0.700000 0.500781 0.017188 0.021094
1 0.705469 0.532031 0.017188 0.026562
