0 0.810937 0.671094 0.028125 0.048438
0 0.797656 0.742969 0.032813 0.054688
0 0.267969 0.466406 0.021094 0.021875
0 0.144531 0.573438 0.026562 0.037500
0 0.273438 0.468750 0.009375 0.018750
0 0.175000 0.567187 0.025000 0.037500
0 0.833594 0.753125 0.035937 0.056250
0 0.557031 0.403125 0.014062 0.021875
0 0.651563 0.425000 0.015625 0.025000
0 0.780469 0.664844 0.029687 0.045312
0 0.638281 0.417187 0.014062 0.021875
0 0.763281 0.535156 0.026563 0.032812
0 0.210938 0.540625 0.006250 0.012500
1 0.291406 0.471094 0.010937 0.023438
1 0.765625 0.564062 0.025000 0.037500
1 0.477344 0.378125 0.010937 0.018750
1 0.596094 0.931250 0.035937 0.071875
1 0.497656 0.384375 0.007812 0.021875
1 0.500000 0.384375 0.010156 0.024219
1 0.303906 0.493750 0.026562 0.068750
1 0.503906 0.385156 0.010938 0.023438
1 0.758594 0.510938 0.023438 0.028125
1 0.650781 0.425000 0.014062 0.025000
1 0.489062 0.383594 0.012500 0.020313
1 0.271094 0.486719 0.010937 0.023438
1 0.233594 0.521094 0.017187 0.026563
1 0.510156 0.387500 0.007812 0.018750
1 0.730469 0.588281 0.023438 0.039062
1 0.557031 0.403125 0.014062 0.021875
1 0.756250 0.488281 0.021875 0.029688
