0 0.250781 0.875781 0.026562 0.051563
0 0.677344 0.607812 0.017188 0.018750
0 0.675781 0.603125 0.014063 0.021875
0 0.678125 0.610156 0.015625 0.020313
0 0.074219 0.814844 0.029688 0.042188
0 0.682813 0.617188 0.015625 0.028125
0 0.458594 0.562500 0.010937 0.018750
0 0.021094 0.903906 0.042188 0.060937
0 0.309375 0.584375 0.015625 0.025000
0 0.038281 0.845313 0.032813 0.043750
0 0.009375 0.889844 0.018750 0.035938
0 0.282813 0.617188 0.015625 0.028125
0 0.636719 0.596094 0.014063 0.023438
0 0.531250 0.567187 0.012500 0.018750
0 0.124219 0.982031 0.007812 0.010938
0 0.446094 0.564844 0.013281 0.021875
0 0.125000 0.983594 0.009375 0.014062
0 0.296875 0.600781 0.015625 0.023438
0 0.124219 0.985938 0.010938 0.018750
0 0.328125 0.561719 0.015625 0.023438
1 0.722656 0.757031 0.023438 0.042187
1 0.008594 0.888281 0.017188 0.032813
1 0.106250 0.848437 0.028125 0.046875
1 0.307813 0.585156 0.012500 0.023438
1 0.318750 0.571094 0.012500 0.023438
1 0.239844 0.741406 0.020313 0.032813
1 0.283594 0.616406 0.014063 0.023438
1 0.314844 0.576563 0.010937 0.021875
1 0.328125 0.560938 0.012500 0.021875
1 0.024219 0.910156 0.035938 0.045313
1 0.707031 0.732031 0.021875 0.039062
1 0.457813 0.561719 0.009375 0.017188
1 0.708594 0.637500 0.017188 0.028125
