0 0.760938 0.874219 0.006250 0.020313
0 0.769531 0.867969 0.014063 0.017188
0 0.767188 0.871094 0.018750 0.023438
0 0.760938 0.897656 0.006250 0.026562
0 0.719531 0.867969 0.017188 0.035938
0 0.623437 0.813281 0.015625 0.029687
0 0.240625 0.721094 0.015625 0.032813
0 0.767969 0.852344 0.017188 0.020313
1 0.766406 0.832812 0.017188 0.018750
1 0.214844 0.829687 0.017188 0.021875
1 0.230469 0.928125 0.020313 0.037500
1 0.644531 0.819531 0.017187 0.032813
1 0.197656 0.957812 0.020313 0.040625
1 0.219531 0.842969 0.014063 0.026562
1 0.207031 0.873437 0.020313 0.031250
1 0.211719 0.851562 0.017187 0.025000
1 0.676562 0.820312 0.018750 0.034375
1 0.761719 0.894531 0.004687 0.023438
1 0.402344 0.805469 0.017188 0.032813
1 0.227344 0.792969 0.017187 0.035937
