0 0.190625 0.563281 0.018750 0.035938
0 0.089063 0.570312 0.021875 0.025000
0 0.325000 0.425000 0.009375 0.021875
0 0.699219 0.532031 0.023438 0.051563
0 0.789844 0.905469 0.029687 0.039062
0 0.091406 0.585156 0.014062 0.017188
0 0.098438 0.585938 0.018750 0.018750
0 0.242969 0.504687 0.017188 0.025000
0 0.536719 0.428125 0.010938 0.018750
0 0.364844 0.386719 0.010937 0.017188
0 0.346094 0.407031 0.010937 0.020313
0 0.097656 0.594531 0.026562 0.035938
0 0.335938 0.416406 0.009375 0.020313
0 0.333594 0.431250 0.010937 0.031250
0 0.330469 0.437500 0.004688 0.018750
0 0.334375 0.414844 0.009375 0.020313
0 0.498438 0.416406 0.009375 0.017187
0 0.188281 0.544531 0.017187 0.017188
0 0.389844 0.361719 0.010937 0.017187
0 0.331250 0.428125 0.012500 0.028125
0 0.338281 0.408594 0.007812 0.017187
0 0.383594 0.368750 0.010937 0.018750
0 0.355469 0.395312 0.010938 0.018750
0 0.271094 0.579688 0.017187 0.012500
0 0.320312 0.687500 0.021875 0.031250
0 0.682031 0.584375 0.020312 0.034375
0 0.347656 0.406250 0.010156 0.016406
0 0.374219 0.377344 0.010937 0.020313
0 0.301563 0.707031 0.015625 0.020312
1 0.550781 0.432813 0.010938 0.018750
1 0.089063 0.570312 0.021875 0.025000
1 0.291406 0.474219 0.014063 0.023438
1 0.722656 0.539844 0.035937 0.054688
1 0.364844 0.386719 0.010937 0.017188
1 0.249219 0.324219 0.010938 0.014062
1 0.325781 0.425781 0.010937 0.020312
1 0.330469 0.435937 0.004688 0.018750
1 0.096094 0.608594 0.017188 0.029687
1 0.374219 0.377344 0.010937 0.020313
1 0.189844 0.563281 0.020313 0.029687
1 0.355469 0.396094 0.010938 0.017187
1 0.382031 0.367969 0.010937 0.017188
1 0.187500 0.544531 0.018750 0.014062
1 0.170313 0.562500 0.018750 0.031250
1 0.595313 0.533594 0.015625 0.029687
1 0.682031 0.584375 0.020312 0.034375
1 0.596094 0.835938 0.017188 0.040625
1 0.390625 0.361719 0.009375 0.017187
1 0.242969 0.504687 0.017188 0.025000
1 0.685937 0.560156 0.015625 0.026563
