0 0.329688 0.696875 0.009375 0.009375
0 0.051562 0.960938 0.012500 0.025000
0 0.355469 0.980469 0.014062 0.026563
0 0.078906 0.959375 0.023438 0.031250
0 0.142969 0.840625 0.020313 0.037500
0 0.056250 0.988281 0.025000 0.020312
1 0.068750 0.850781 0.021875 0.042187
1 0.307031 0.978125 0.024219 0.025781
1 0.056250 0.989062 0.021875 0.018750
1 0.339844 0.717187 0.010938 0.031250
1 0.582031 0.848437 0.020312 0.037500
1 0.355469 0.980469 0.010938 0.023438
1 0.589844 0.984375 0.023438 0.028125
1 0.638281 0.789844 0.014062 0.014062
