0 0.379688 0.455469 0.009375 0.017187
0 0.336719 0.495313 0.007812 0.015625
0 0.059375 0.601562 0.015625 0.018750
0 0.492969 0.987500 0.032813 0.021875
0 0.370313 0.464844 0.012500 0.017188
0 0.350000 0.485156 0.012500 0.017188
0 0.339844 0.494531 0.010938 0.017188
0 0.754687 0.519531 0.018750 0.029688
0 0.327344 0.507812 0.014062 0.025000
0 0.388281 0.445312 0.010937 0.018750
1 0.720312 0.700000 0.025000 0.034375
1 0.360156 0.475781 0.010937 0.017188
1 0.327344 0.506250 0.010937 0.021875
1 0.349219 0.484375 0.010937 0.018750
1 0.379688 0.455469 0.009375 0.017187
1 0.787500 0.657031 0.018750 0.035938
1 0.343750 0.557813 0.012500 0.025000
1 0.387500 0.446094 0.009375 0.017188
1 0.364062 0.535937 0.012500 0.021875
1 0.396094 0.439844 0.010937 0.014063
1 0.717969 0.362500 0.017188 0.031250
1 0.768750 0.430469 0.015625 0.029687
