0 0.303906 0.663281 0.014062 0.020313
0 0.311719 0.637500 0.014062 0.015625
0 0.292969 0.717969 0.017188 0.023438
0 0.271875 0.759375 0.015625 0.021875
0 0.235156 0.729688 0.014063 0.025000
0 0.176563 0.825781 0.015625 0.017188
0 0.208594 0.825781 0.014063 0.017188
0 0.192188 0.825781 0.014844 0.018750
0 0.232813 0.697656 0.015625 0.023438
0 0.288281 0.742188 0.014062 0.025000
0 0.308594 0.650000 0.010938 0.015625
1 0.312500 0.639844 0.012500 0.017188
1 0.176563 0.825000 0.015625 0.015625
1 0.288281 0.742188 0.014062 0.025000
1 0.364844 0.718750 0.007812 0.021875
1 0.191406 0.825781 0.014062 0.017188
1 0.271875 0.759375 0.015625 0.021875
1 0.299219 0.682031 0.014063 0.035937
1 0.232031 0.697656 0.014063 0.023438
1 0.303906 0.663281 0.014062 0.017188
1 0.488281 0.699219 0.012500 0.025781
1 0.308594 0.649219 0.010938 0.014062
