0 0.821094 0.820312 0.010937 0.015625
0 0.796094 0.600781 0.017188 0.017188
0 0.826563 0.819531 0.009375 0.010937
0 0.460156 0.656250 0.020313 0.028125
0 0.797656 0.624219 0.020313 0.032813
0 0.353906 0.730469 0.020313 0.039062
0 0.828906 0.819531 0.010937 0.010937
0 0.821094 0.820312 0.010937 0.015625
0 0.160938 0.735938 0.021875 0.018750
0 0.331250 0.601562 0.018750 0.034375
0 0.838281 0.836719 0.007812 0.017188
0 0.815625 0.823438 0.014844 0.019531
0 0.664062 0.773438 0.021875 0.031250
0 0.809375 0.821094 0.006250 0.014062
0 0.839063 0.822656 0.012500 0.017188
0 0.821094 0.818750 0.010937 0.012500
0 0.809375 0.821094 0.006250 0.014062
1 0.834375 0.836719 0.012500 0.017188
1 0.239844 0.725000 0.020313 0.040625
1 0.826562 0.834375 0.020313 0.023438
1 0.133594 0.730469 0.014063 0.020312
1 0.796875 0.600781 0.015625 0.017188
1 0.838281 0.823438 0.010938 0.018750
1 0.266406 0.712500 0.020313 0.040625
1 0.258594 0.686719 0.020312 0.026562
1 0.839844 0.836719 0.004687 0.017188
1 0.172656 0.727344 0.020312 0.023438
1 0.152344 0.725000 0.014062 0.028125
1 0.399219 0.747656 0.020313 0.035937
1 0.182812 0.738281 0.018750 0.014063
1 0.242969 0.696875 0.022656 0.028906
1 0.194531 0.734375 0.020312 0.025000
1 0.280469 0.554688 0.017188 0.037500
