0 0.538281 0.512500 0.007812 0.018750
0 0.239063 0.584375 0.012500 0.015625
0 0.326562 0.481250 0.015625 0.025000
0 0.032031 0.818750 0.023437 0.037500
0 0.337500 0.467187 0.012500 0.018750
0 0.280469 0.534375 0.009375 0.020313
0 0.271875 0.535156 0.009375 0.020312
0 0.232813 0.585938 0.018750 0.018750
0 0.665625 0.556250 0.012500 0.021875
0 0.495313 0.535156 0.012500 0.023438
0 0.058594 0.728125 0.026562 0.040625
0 0.030469 0.817969 0.023438 0.035937
0 0.051562 0.798438 0.012500 0.018750
0 0.672656 0.567969 0.017188 0.029687
0 0.526563 0.505469 0.012500 0.020313
0 0.582031 0.545313 0.014063 0.025000
0 0.628906 0.544531 0.016406 0.025781
0 0.051562 0.799219 0.012500 0.023438
0 0.668750 0.548437 0.009375 0.009375
0 0.276563 0.535937 0.012500 0.021875
1 0.698438 0.589844 0.015625 0.029688
1 0.692187 0.680469 0.021875 0.035938
1 0.495313 0.535937 0.012500 0.021875
1 0.700781 0.735156 0.023438 0.042187
1 0.582031 0.546094 0.014063 0.023438
1 0.025000 0.742969 0.031250 0.042187
1 0.535937 0.895312 0.028125 0.059375
1 0.041406 0.754687 0.032813 0.043750
1 0.325781 0.480469 0.014063 0.023438
1 0.505469 0.521094 0.010938 0.023438
1 0.385156 0.552344 0.014063 0.026563
1 0.197656 0.635938 0.020313 0.034375
1 0.174219 0.635156 0.023438 0.039062
1 0.151562 0.653906 0.021875 0.035937
1 0.707031 0.705469 0.020312 0.039062
1 0.250000 0.794531 0.028125 0.045312
