0 0.256250 0.393750 0.015625 0.015625
0 0.754687 0.371875 0.021875 0.025000
0 0.800781 0.705469 0.032812 0.054688
0 0.757031 0.390625 0.023438 0.028125
0 0.657031 0.387500 0.014062 0.028125
0 0.751562 0.353906 0.021875 0.023438
0 0.297656 0.339844 0.014062 0.023438
0 0.757031 0.351562 0.014062 0.018750
0 0.509375 0.344531 0.015625 0.023438
0 0.643750 0.379688 0.015625 0.025000
0 0.763281 0.452344 0.026563 0.026562
0 0.760156 0.417969 0.026563 0.020312
0 0.746094 0.355469 0.011719 0.025781
0 0.760938 0.430469 0.025000 0.029687
0 0.836719 0.712500 0.035938 0.050000
0 0.288281 0.352344 0.014062 0.026562
0 0.254687 0.401562 0.018750 0.031250
0 0.758594 0.402344 0.023438 0.017188
0 0.768750 0.498437 0.025000 0.031250
0 0.482031 0.339844 0.010937 0.023438
0 0.252344 0.518750 0.010937 0.018750
0 0.757812 0.400000 0.025000 0.025000
0 0.758594 0.410156 0.023438 0.023438
0 0.277344 0.367188 0.017188 0.028125
0 0.811719 0.617188 0.032813 0.050000
1 0.320312 0.303125 0.013281 0.024219
1 0.510156 0.350000 0.015625 0.018750
1 0.779688 0.611719 0.025000 0.045312
1 0.267969 0.383594 0.017187 0.023438
1 0.317969 0.310937 0.010937 0.025000
1 0.708594 0.537500 0.023438 0.037500
1 0.274219 0.375000 0.017188 0.021875
1 0.314844 0.313281 0.010937 0.020313
1 0.481250 0.339844 0.009375 0.023438
1 0.508594 0.344531 0.010937 0.023438
1 0.493750 0.344531 0.012500 0.020313
1 0.307031 0.322656 0.014063 0.026562
1 0.278906 0.367188 0.014063 0.021875
1 0.764063 0.452344 0.025000 0.026562
1 0.289062 0.354687 0.015625 0.024219
1 0.657031 0.385937 0.014062 0.025000
1 0.810156 0.617188 0.032813 0.046875
1 0.273438 0.369531 0.012500 0.023438
1 0.758594 0.367969 0.014062 0.020313
1 0.772656 0.527344 0.026562 0.035937
1 0.514063 0.348437 0.009375 0.018750
1 0.325000 0.300781 0.012500 0.023438
1 0.577344 0.381250 0.014062 0.025000
1 0.564063 0.364063 0.012500 0.021875
1 0.753906 0.371875 0.020312 0.028125
1 0.764844 0.475000 0.023438 0.031250
