0 0.352344 0.766406 0.017188 0.026562
0 0.267969 0.818750 0.020313 0.018750
0 0.352344 0.721875 0.017969 0.035156
0 0.811719 0.805469 0.017188 0.023438
0 0.804688 0.799219 0.015625 0.029687
0 0.349219 0.682031 0.014063 0.029687
0 0.332813 0.682031 0.015625 0.029687
0 0.267188 0.830469 0.019531 0.013281
0 0.688281 0.673438 0.014062 0.031250
0 0.271094 0.807813 0.017187 0.018750
0 0.333594 0.723437 0.017187 0.034375
0 0.688281 0.711719 0.017188 0.029687
0 0.266406 0.853906 0.014062 0.010938
0 0.371094 0.764844 0.017188 0.026562
0 0.686719 0.755469 0.017188 0.029687
0 0.599219 0.453906 0.020312 0.039062
1 0.352344 0.765625 0.017188 0.025000
1 0.654687 0.674219 0.015625 0.029687
1 0.271094 0.807813 0.017187 0.018750
1 0.333594 0.723437 0.017187 0.031250
1 0.722656 0.755469 0.017187 0.026563
1 0.805469 0.799219 0.017969 0.029687
1 0.333594 0.765625 0.017187 0.025000
1 0.349219 0.682031 0.014063 0.029687
1 0.366406 0.679688 0.017188 0.031250
1 0.369531 0.721094 0.017187 0.032813
1 0.267188 0.829688 0.018750 0.012500
1 0.811719 0.805469 0.017188 0.023438
1 0.671875 0.672656 0.015625 0.029687
1 0.669531 0.713281 0.017188 0.029687
1 0.704688 0.755469 0.018750 0.028906
1 0.622656 0.424219 0.017188 0.039062
1 0.267969 0.829688 0.017187 0.012500
1 0.706250 0.712500 0.015625 0.031250
