0 0.715625 0.573438 0.012500 0.015625
0 0.713281 0.603125 0.010938 0.028125
0 0.728906 0.640625 0.020312 0.031250
0 0.717969 0.582812 0.014062 0.015625
0 0.292969 0.749219 0.017188 0.029687
0 0.714844 0.595312 0.014063 0.025000
0 0.671875 0.709375 0.017969 0.034375
0 0.183594 0.860938 0.020313 0.034375
0 0.218750 0.649219 0.015625 0.017188
0 0.722656 0.600781 0.010938 0.017188
0 0.714063 0.567969 0.009375 0.007812
0 0.721094 0.639063 0.007812 0.025000
0 0.175781 0.875781 0.023438 0.042187
0 0.718750 0.639062 0.006250 0.018750
0 0.717969 0.594531 0.014062 0.023438
0 0.721094 0.642969 0.007812 0.026563
0 0.731250 0.649219 0.015625 0.017188
0 0.327344 0.792188 0.017188 0.015625
0 0.717187 0.582812 0.016406 0.016406
0 0.712500 0.585156 0.015625 0.014062
0 0.714844 0.572656 0.014063 0.017188
0 0.728125 0.632812 0.015625 0.018750
0 0.722656 0.661719 0.007812 0.023438
1 0.733594 0.508594 0.017188 0.029687
1 0.216406 0.677344 0.017187 0.014062
1 0.185156 0.756250 0.020313 0.040625
1 0.292969 0.750000 0.017188 0.031250
1 0.789844 0.854688 0.014062 0.034375
1 0.256250 0.835938 0.021875 0.034375
1 0.215625 0.690625 0.018750 0.037500
1 0.180469 0.841406 0.020312 0.023438
1 0.311719 0.739844 0.017188 0.010938
1 0.735938 0.687500 0.018750 0.034375
1 0.166406 0.850781 0.010937 0.035938
1 0.217969 0.666406 0.017187 0.017188
1 0.264062 0.795313 0.018750 0.025000
1 0.175781 0.875781 0.023438 0.042187
1 0.207813 0.754687 0.018750 0.037500
1 0.789844 0.854688 0.014062 0.034375
1 0.734375 0.664062 0.015625 0.018750
1 0.653906 0.709375 0.017969 0.034375
1 0.237500 0.468750 0.012500 0.031250
1 0.735938 0.687500 0.018750 0.034375
1 0.637500 0.718750 0.018750 0.033594
1 0.219531 0.632812 0.014063 0.015625
1 0.283594 0.794531 0.017187 0.023438
1 0.722656 0.621094 0.017187 0.023438
1 0.273438 0.753125 0.018750 0.034375
1 0.735938 0.668750 0.018750 0.025000
