0 0.763281 0.717969 0.017188 0.017188
0 0.520312 0.677344 0.018750 0.035937
0 0.374219 0.865625 0.020313 0.021875
0 0.763281 0.756250 0.017188 0.021875
0 0.757031 0.782031 0.004688 0.029687
0 0.177344 0.933594 0.014063 0.023438
0 0.713281 0.761719 0.017188 0.035937
0 0.198437 0.865625 0.021875 0.028125
0 0.669531 0.896875 0.020312 0.034375
0 0.764844 0.738281 0.017188 0.020312
0 0.276563 0.767187 0.018750 0.037500
0 0.210938 0.950000 0.021875 0.043750
1 0.692187 0.898438 0.021875 0.036719
1 0.146875 0.823438 0.018750 0.037500
1 0.261719 0.434375 0.017188 0.031250
1 0.757812 0.778906 0.006250 0.026563
1 0.207031 0.738281 0.020313 0.032812
1 0.213281 0.904688 0.020313 0.025000
1 0.296094 0.776563 0.021094 0.036719
1 0.401563 0.680469 0.018750 0.032813
1 0.229687 0.863281 0.021875 0.035937
1 0.674219 0.703906 0.017188 0.032813
1 0.191406 0.826563 0.020313 0.040625
1 0.649219 0.694531 0.017188 0.032813
1 0.714063 0.900000 0.021875 0.034375
1 0.177344 0.934375 0.014063 0.021875
1 0.762500 0.718750 0.015625 0.018750
1 0.250000 0.865625 0.019531 0.035156
