0 0.248438 0.669531 0.012500 0.023438
0 0.215625 0.630469 0.015625 0.037500
0 0.231250 0.654687 0.012500 0.018750
0 0.099219 0.762500 0.014062 0.015625
0 0.093750 0.764844 0.009375 0.017188
0 0.225781 0.614844 0.007812 0.023438
0 0.099219 0.765625 0.014062 0.018750
0 0.225781 0.598437 0.014844 0.017188
0 0.224219 0.595313 0.010937 0.015625
0 0.190625 0.749219 0.015625 0.020313
0 0.235937 0.652344 0.012500 0.023438
0 0.084375 0.762500 0.018750 0.018750
0 0.115625 0.764844 0.009375 0.014062
0 0.230469 0.600000 0.007812 0.015625
0 0.109375 0.766406 0.012500 0.020313
0 0.243750 0.547656 0.009375 0.010937
0 0.171094 0.744531 0.020312 0.023438
0 0.520312 0.796094 0.018750 0.014062
0 0.516406 0.795312 0.010937 0.012500
0 0.110937 0.764844 0.015625 0.017188
0 0.240625 0.548438 0.009375 0.015625
1 0.217188 0.614844 0.010937 0.023438
1 0.235938 0.587500 0.009375 0.025000
1 0.214844 0.632031 0.014062 0.032813
1 0.235156 0.652344 0.014063 0.023438
1 0.232031 0.570312 0.007812 0.015625
1 0.084375 0.762500 0.018750 0.018750
1 0.229687 0.580469 0.009375 0.017188
1 0.238281 0.571875 0.010937 0.018750
1 0.190625 0.748438 0.015625 0.021875
1 0.218750 0.611719 0.009375 0.020312
1 0.203125 0.689062 0.012500 0.025000
1 0.553125 0.707031 0.012500 0.023438
1 0.225781 0.613281 0.007812 0.020312
1 0.169531 0.745313 0.017187 0.021875
1 0.275000 0.757812 0.015625 0.025000
1 0.241406 0.571094 0.010938 0.017188
1 0.224219 0.623437 0.004688 0.028125
1 0.176563 0.746094 0.012500 0.020312
