0 0.341406 0.896094 0.014063 0.029687
0 0.685938 0.773438 0.006250 0.018750
0 0.864062 0.964063 0.018750 0.021875
0 0.821875 0.809375 0.012500 0.025000
0 0.697656 0.789844 0.017188 0.035938
0 0.259375 0.911719 0.018750 0.032813
0 0.689844 0.774219 0.014062 0.023438
0 0.866406 0.942187 0.020313 0.028125
0 0.582031 0.470313 0.016406 0.028125
1 0.850000 0.953125 0.015625 0.021875
1 0.698438 0.790625 0.015625 0.034375
1 0.864062 0.964063 0.018750 0.021875
1 0.231250 0.834375 0.009375 0.021875
1 0.866406 0.942969 0.020313 0.026563
1 0.266406 0.796875 0.014062 0.028125
1 0.267969 0.830469 0.014063 0.023438
