0 0.194531 0.758594 0.014063 0.010937
0 0.688281 0.743750 0.014062 0.018750
0 0.706250 0.826562 0.018750 0.034375
0 0.695312 0.759375 0.009375 0.018750
0 0.191406 0.753125 0.014062 0.012500
0 0.193750 0.765625 0.015625 0.015625
0 0.195312 0.744531 0.012500 0.010938
0 0.702344 0.806250 0.017188 0.015625
0 0.194531 0.748437 0.014063 0.012500
0 0.185938 0.825000 0.015625 0.015625
0 0.275781 0.813281 0.017187 0.029687
0 0.195312 0.750000 0.012500 0.015625
0 0.194531 0.758594 0.014063 0.017188
0 0.700781 0.785937 0.014062 0.018750
0 0.272656 0.802344 0.014062 0.020312
0 0.300000 0.764062 0.015625 0.028125
0 0.193750 0.764062 0.015625 0.015625
0 0.192969 0.765625 0.014063 0.012500
0 0.692969 0.797656 0.007812 0.020313
0 0.690625 0.761719 0.015625 0.020312
0 0.698438 0.796875 0.018750 0.025000
0 0.704688 0.807813 0.015625 0.015625
0 0.644531 0.879687 0.017187 0.034375
0 0.473438 0.773438 0.015625 0.025000
0 0.356250 0.807813 0.017188 0.032031
0 0.684375 0.764062 0.010156 0.023438
0 0.698438 0.805469 0.015625 0.020313
0 0.701562 0.792188 0.017969 0.021875
1 0.190625 0.796875 0.015625 0.015625
1 0.369531 0.788281 0.014063 0.029687
1 0.689063 0.744531 0.012500 0.017188
1 0.196094 0.735938 0.014063 0.015625
1 0.184375 0.864062 0.020313 0.030469
1 0.197656 0.711719 0.017187 0.032813
1 0.288281 0.802344 0.014062 0.029687
1 0.272656 0.801562 0.014062 0.018750
1 0.189844 0.792969 0.017187 0.017187
1 0.189844 0.782812 0.014063 0.021875
1 0.181250 0.882812 0.012500 0.018750
1 0.184375 0.842969 0.018750 0.017188
1 0.335938 0.789844 0.015625 0.029687
1 0.564844 0.898438 0.017188 0.034375
1 0.687500 0.782813 0.006250 0.018750
1 0.188281 0.806250 0.014063 0.018750
1 0.696094 0.775000 0.014062 0.015625
