0 0.710938 0.789062 0.019531 0.020313
0 0.361719 0.560937 0.010937 0.015625
0 0.343750 0.626563 0.012500 0.028125
0 0.300000 0.735937 0.009375 0.025000
0 0.700781 0.609375 0.010938 0.012500
1 0.342969 0.596875 0.010937 0.025000
1 0.351562 0.606250 0.009375 0.021875
1 0.700000 0.637500 0.012500 0.025000
1 0.371875 0.543750 0.009375 0.021875
1 0.285938 0.746094 0.009375 0.017187
1 0.362500 0.560937 0.009375 0.018750
1 0.700000 0.597656 0.009375 0.010938
1 0.642188 0.713281 0.012500 0.020312
1 0.292188 0.742188 0.012500 0.021875
1 0.366406 0.550000 0.010937 0.018750
1 0.357031 0.595312 0.010937 0.037500
1 0.700000 0.622656 0.012500 0.014062
1 0.300000 0.735156 0.009375 0.023438
1 0.676562 0.634375 0.014063 0.024219
1 0.362500 0.575781 0.006250 0.026563
1 0.343750 0.625000 0.012500 0.031250
1 0.495312 0.588281 0.009375 0.020312
1 0.365625 0.538281 0.009375 0.020313
1 0.627344 0.712500 0.014062 0.021875
1 0.700781 0.609375 0.010938 0.012500
1 0.656250 0.714063 0.012500 0.021875
1 0.359375 0.703125 0.012500 0.021094
