0 0.160156 0.225000 0.035938 0.015625
0 0.219531 0.211719 0.026563 0.017187
0 0.433594 0.471875 0.020312 0.012500
0 0.271094 0.198437 0.026562 0.018750
0 0.191406 0.217969 0.029687 0.017187
0 0.165625 0.246094 0.043750 0.017188
0 0.444531 0.607812 0.017188 0.012500
0 0.263281 0.280469 0.017187 0.010937
0 0.385156 0.657813 0.023438 0.015625
0 0.235937 0.319531 0.018750 0.020313
0 0.546875 0.550000 0.021875 0.009375
0 0.246094 0.204687 0.023438 0.018750
0 0.227344 0.296875 0.017187 0.012500
0 0.453906 0.596094 0.017188 0.010938
0 0.184375 0.633594 0.015625 0.010937
0 0.546875 0.778906 0.015625 0.010938
0 0.435937 0.617969 0.018750 0.010937
0 0.420312 0.629687 0.021875 0.012500
0 0.520312 0.546094 0.021875 0.010937
0 0.531250 0.533594 0.021875 0.011719
1 0.435156 0.617969 0.017187 0.014062
1 0.421875 0.629687 0.018750 0.012500
1 0.532813 0.533594 0.018750 0.010938
1 0.407031 0.390625 0.020313 0.012500
1 0.613281 0.580469 0.020312 0.010938
1 0.367188 0.695312 0.028125 0.015625
1 0.444531 0.607812 0.017188 0.012500
1 0.546875 0.550000 0.018750 0.009375
1 0.219531 0.211719 0.026563 0.017187
1 0.167969 0.247656 0.045312 0.014063
1 0.139844 0.270313 0.048437 0.025000
1 0.521875 0.546094 0.018750 0.010937
1 0.453906 0.596875 0.017188 0.012500
1 0.433594 0.471094 0.020312 0.010937
1 0.621875 0.503906 0.018750 0.014063
