0 0.475000 0.783594 0.017969 0.035156
0 0.796875 0.832812 0.009375 0.025000
0 0.681250 0.775000 0.018750 0.034375
0 0.656250 0.762500 0.009375 0.018750
0 0.268750 0.755469 0.006250 0.023438
0 0.805469 0.829687 0.020313 0.025000
0 0.805469 0.810156 0.017188 0.020312
0 0.743750 0.821875 0.018750 0.034375
0 0.258594 0.748437 0.014062 0.018750
0 0.803906 0.791406 0.017188 0.020312
0 0.261719 0.753125 0.020312 0.028125
0 0.333594 0.816406 0.007812 0.010938
1 0.217188 0.995313 0.015625 0.006250
1 0.713281 0.778125 0.018750 0.033594
1 0.197656 0.897656 0.017187 0.039062
1 0.806250 0.855469 0.018750 0.039062
1 0.230469 0.897656 0.020313 0.035938
1 0.254688 0.768750 0.015625 0.021875
1 0.252344 0.776563 0.014063 0.018750
1 0.264844 0.777344 0.007812 0.029688
1 0.248437 0.798438 0.015625 0.018750
1 0.244531 0.825000 0.020313 0.034375
1 0.661719 0.787500 0.007812 0.031250
1 0.680469 0.775781 0.017188 0.032813
1 0.439844 0.760156 0.017187 0.032813
1 0.192188 0.902344 0.028125 0.048437
1 0.803125 0.792188 0.015625 0.021875
1 0.253125 0.784375 0.018750 0.025000
1 0.235938 0.910937 0.021875 0.040625
