0 0.500000 0.496094 0.012500 0.020312
0 0.523438 0.502344 0.009375 0.020312
0 0.655469 0.537500 0.010937 0.015625
0 0.657031 0.551562 0.014062 0.028125
0 0.177344 0.645312 0.020313 0.037500
0 0.189062 0.519531 0.012500 0.023438
0 0.446094 0.485938 0.008594 0.024219
0 0.655469 0.539844 0.010937 0.014062
0 0.249219 0.559375 0.017187 0.031250
0 0.216406 0.607812 0.020313 0.031250
0 0.650781 0.540625 0.014062 0.025000
0 0.514062 0.500000 0.012500 0.021875
0 0.613281 0.531250 0.014063 0.025000
0 0.317188 0.687500 0.021875 0.037500
0 0.274219 0.578125 0.020313 0.031250
1 0.682813 0.571875 0.015625 0.028125
1 0.261719 0.532813 0.017188 0.028125
1 0.500000 0.496094 0.012500 0.020312
1 0.478125 0.510938 0.012500 0.021875
1 0.332031 0.321094 0.017188 0.029687
1 0.415625 0.299219 0.012500 0.024219
1 0.677344 0.662500 0.020312 0.037500
1 0.189844 0.519531 0.010937 0.023438
1 0.176563 0.646094 0.018750 0.035937
1 0.233594 0.589844 0.017187 0.029688
1 0.685938 0.716406 0.021875 0.042188
1 0.661719 0.599219 0.017188 0.029687
1 0.275781 0.518750 0.014063 0.031250
1 0.175781 0.626563 0.020313 0.018750
1 0.692187 0.685938 0.021875 0.040625
1 0.196094 0.620313 0.020312 0.031250
1 0.455469 0.486719 0.010937 0.020313
1 0.333594 0.667188 0.017187 0.037500
1 0.275000 0.578125 0.018750 0.031250
