0 0.669531 0.805469 0.019531 0.035156
0 0.658594 0.798438 0.014062 0.031250
0 0.468750 0.894531 0.009375 0.023438
0 0.628125 0.765625 0.009375 0.009375
0 0.565625 0.716406 0.006250 0.017188
0 0.267188 0.660156 0.009375 0.010938
0 0.727344 0.808594 0.014062 0.026563
0 0.269531 0.664844 0.014062 0.017188
0 0.164062 0.609375 0.012500 0.012500
0 0.814844 0.914062 0.014062 0.012500
0 0.408594 0.863281 0.007812 0.020312
0 0.738281 0.826563 0.017187 0.025000
0 0.624219 0.775000 0.014062 0.025000
0 0.817187 0.929688 0.015625 0.018750
0 0.631250 0.786719 0.018750 0.029687
0 0.585156 0.703125 0.010937 0.021875
0 0.788281 0.924219 0.023438 0.029687
0 0.685156 0.783594 0.014062 0.023438
0 0.525781 0.685156 0.014062 0.023438
0 0.250000 0.707031 0.012500 0.014063
0 0.389062 0.859375 0.012500 0.018750
0 0.618750 0.771094 0.012500 0.026563
0 0.687500 0.806250 0.015625 0.025000
0 0.704688 0.787500 0.015625 0.028125
1 0.255469 0.689063 0.014844 0.024219
1 0.627344 0.767187 0.010938 0.009375
1 0.738281 0.826563 0.017187 0.025000
1 0.658594 0.797656 0.014062 0.029687
1 0.817187 0.929688 0.015625 0.018750
1 0.617969 0.771094 0.014062 0.026563
1 0.833594 0.923437 0.017188 0.025000
1 0.249219 0.725781 0.014062 0.023438
1 0.791406 0.924219 0.017188 0.029687
1 0.658594 0.660937 0.010938 0.025000
1 0.834375 0.930469 0.018750 0.017188
1 0.266406 0.685938 0.010937 0.025000
1 0.833594 0.917188 0.017188 0.012500
1 0.669531 0.805469 0.017188 0.032813
1 0.687500 0.807031 0.015625 0.023438
1 0.625781 0.775781 0.014062 0.023438
1 0.631250 0.786719 0.018750 0.029687
1 0.685937 0.783594 0.015625 0.023438
1 0.642969 0.766406 0.016406 0.028906
1 0.669531 0.861719 0.010938 0.023438
1 0.585156 0.703125 0.010937 0.021875
