0 0.351562 0.379688 0.012500 0.021875
0 0.807813 0.920312 0.012500 0.028125
0 0.322656 0.420312 0.017187 0.025000
0 0.257031 0.247656 0.014062 0.026562
0 0.316406 0.439844 0.007812 0.029688
0 0.046875 0.705469 0.025000 0.042188
0 0.850000 0.757812 0.028125 0.040625
0 0.310937 0.435156 0.015625 0.026562
0 0.057031 0.714063 0.045312 0.056250
0 0.178906 0.406250 0.007812 0.018750
0 0.542188 0.785156 0.021875 0.039062
0 0.311719 0.425781 0.007812 0.014062
1 0.551562 0.385156 0.012500 0.020313
1 0.527344 0.385156 0.010938 0.020313
1 0.002344 0.612500 0.004687 0.037500
1 0.832031 0.570312 0.026563 0.040625
1 0.366406 0.355469 0.014062 0.020312
1 0.332813 0.407813 0.015625 0.025000
1 0.497656 0.887500 0.032812 0.068750
1 0.542188 0.785937 0.021875 0.037500
1 0.096094 0.736719 0.051562 0.060937
1 0.360156 0.364844 0.014062 0.023438
1 0.828906 0.540625 0.026562 0.028125
1 0.323437 0.419531 0.015625 0.026562
1 0.819531 0.540625 0.012500 0.025781
1 0.832031 0.541406 0.020312 0.029687
1 0.341406 0.393750 0.014063 0.021875
