0 0.092969 0.680469 0.014063 0.010937
0 0.212500 0.740625 0.012500 0.015625
0 0.093750 0.677344 0.018750 0.020312
0 0.012500 0.845313 0.025000 0.034375
0 0.097656 0.644531 0.023438 0.048437
0 0.635156 0.626563 0.014062 0.018750
0 0.095312 0.670312 0.018750 0.015625
0 0.626562 0.630469 0.009375 0.023438
0 0.223438 0.751563 0.009375 0.028125
0 0.424219 0.635156 0.014063 0.026563
1 0.635938 0.645312 0.015625 0.018750
1 0.651563 0.692969 0.012500 0.023438
1 0.107031 0.578906 0.014062 0.014062
1 0.639844 0.643750 0.014062 0.018750
1 0.103125 0.613281 0.015625 0.014063
1 0.107031 0.582031 0.016406 0.020313
1 0.102344 0.617969 0.014063 0.010937
1 0.633594 0.667969 0.007812 0.017187
1 0.640625 0.655469 0.018750 0.017188
1 0.106250 0.586719 0.015625 0.014062
1 0.028125 0.801562 0.025000 0.046875
1 0.104688 0.602344 0.015625 0.014062
1 0.638281 0.689063 0.010938 0.031250
1 0.105469 0.600000 0.014063 0.012500
1 0.051562 0.806250 0.025000 0.043750
1 0.105469 0.593750 0.014063 0.012500
1 0.104688 0.602344 0.015625 0.010937
1 0.655469 0.728906 0.020313 0.032813
1 0.631250 0.652344 0.009375 0.020312
1 0.646094 0.668750 0.017188 0.018750
1 0.092188 0.696094 0.018750 0.020313
1 0.091406 0.719531 0.020312 0.032813
1 0.646094 0.675000 0.017188 0.021875
1 0.651563 0.710156 0.018750 0.023438
1 0.643750 0.689844 0.015625 0.029687
1 0.087500 0.741406 0.009375 0.017188
1 0.639062 0.685156 0.012500 0.032813
1 0.651563 0.711719 0.018750 0.023438
1 0.617188 0.528906 0.015625 0.032813
1 0.644531 0.660156 0.015625 0.017969
1 0.103125 0.612500 0.015625 0.015625
