0 0.367188 0.522656 0.009375 0.035938
0 0.745313 0.798438 0.028125 0.050000
0 0.130469 0.760156 0.014063 0.026563
0 0.146094 0.765625 0.045313 0.034375
0 0.251563 0.477344 0.028125 0.048438
1 0.215625 0.606250 0.025000 0.043750
1 0.732812 0.811719 0.034375 0.048438
1 0.255469 0.446094 0.023438 0.032813
1 0.130469 0.760156 0.014063 0.026563
1 0.174219 0.590625 0.023438 0.031250
1 0.151562 0.734375 0.015625 0.009375
1 0.151562 0.735156 0.015625 0.010937
1 0.170313 0.605469 0.031250 0.035937
1 0.260156 0.423438 0.023437 0.028125
1 0.282031 0.686719 0.029687 0.057812
1 0.203125 0.612500 0.028125 0.031250
1 0.146875 0.765625 0.040625 0.031250
