0 0.464844 0.825781 0.017188 0.014062
0 0.266406 0.657031 0.015625 0.030469
0 0.623437 0.448437 0.012500 0.021875
0 0.281250 0.616406 0.014063 0.021094
0 0.403125 0.682813 0.009375 0.018750
0 0.285156 0.602344 0.010938 0.010937
0 0.279687 0.642969 0.009375 0.017188
0 0.280469 0.623437 0.014062 0.018750
0 0.257812 0.692969 0.015625 0.029687
0 0.825000 0.873437 0.015625 0.015625
0 0.567187 0.621875 0.009375 0.009375
0 0.287500 0.612500 0.013281 0.017969
0 0.299219 0.672656 0.010937 0.020313
0 0.271094 0.659375 0.014063 0.031250
0 0.176563 0.850781 0.012500 0.023438
0 0.284375 0.628125 0.009375 0.018750
0 0.255469 0.714063 0.010937 0.012500
0 0.273438 0.635156 0.009375 0.010938
0 0.992188 0.598437 0.012500 0.031250
0 0.555469 0.436719 0.014062 0.026562
0 0.685937 0.684375 0.012500 0.015625
0 0.258594 0.669531 0.007812 0.017188
0 0.270313 0.721875 0.006250 0.018750
0 0.841406 0.883594 0.011719 0.025781
0 0.281250 0.639844 0.009375 0.017188
0 0.291406 0.607812 0.009375 0.019531
0 0.648438 0.485156 0.012500 0.026562
0 0.282813 0.607031 0.009375 0.017188
0 0.464844 0.825781 0.017188 0.014062
0 0.281250 0.618750 0.012500 0.021875
0 0.435937 0.850781 0.018750 0.023438
0 0.666406 0.734375 0.017188 0.028125
0 0.454688 0.852344 0.018750 0.029687
0 0.277344 0.626563 0.010938 0.018750
0 0.688281 0.704688 0.017188 0.031250
1 0.262500 0.664844 0.009375 0.026562
1 0.828906 0.886719 0.020313 0.017187
1 0.283594 0.602344 0.009375 0.011719
1 0.825000 0.871875 0.015625 0.012500
1 0.286719 0.621875 0.010937 0.018750
1 0.259375 0.668750 0.009375 0.018750
1 0.278906 0.642969 0.007812 0.017188
1 0.284375 0.603125 0.009375 0.012500
1 0.272656 0.633594 0.007812 0.017188
1 0.267188 0.656250 0.015625 0.028125
1 0.279687 0.615625 0.009375 0.021875
1 0.278906 0.620313 0.010937 0.018750
1 0.841406 0.882812 0.010156 0.025000
1 0.284375 0.614062 0.012500 0.015625
1 0.281250 0.617188 0.012500 0.018750
1 0.278906 0.618750 0.010937 0.018750
1 0.271094 0.660937 0.010937 0.028125
1 0.285156 0.628906 0.007812 0.017187
1 0.291406 0.607812 0.007812 0.018750
1 0.649219 0.484375 0.010937 0.025000
1 0.464062 0.825781 0.015625 0.014062
1 0.664844 0.734375 0.014062 0.028125
1 0.680469 0.821094 0.007812 0.017188
1 0.556250 0.437500 0.012500 0.025000
1 0.688281 0.702344 0.017188 0.026562
1 0.275000 0.649219 0.012500 0.023438
1 0.282813 0.847656 0.015625 0.010938
