0 0.300781 0.703906 0.020312 0.039062
0 0.250000 0.491406 0.015625 0.023438
0 0.257812 0.441406 0.012500 0.010938
0 0.248437 0.505469 0.015625 0.014062
0 0.811719 0.705469 0.017188 0.016406
0 0.751563 0.474219 0.015625 0.017187
0 0.022656 0.590625 0.014062 0.034375
0 0.248437 0.506250 0.015625 0.012500
0 0.255469 0.453906 0.014063 0.017188
0 0.252344 0.471875 0.014063 0.015625
0 0.253125 0.446875 0.009375 0.034375
0 0.246875 0.514844 0.015625 0.020313
0 0.251563 0.485938 0.015625 0.012500
0 0.248437 0.504687 0.015625 0.015625
0 0.255469 0.454688 0.014063 0.015625
0 0.255469 0.449219 0.014063 0.026563
0 0.795312 0.732031 0.015625 0.017969
0 0.759375 0.518750 0.015625 0.018750
1 0.746094 0.497656 0.010938 0.039062
1 0.812500 0.732812 0.015625 0.018750
1 0.755469 0.494531 0.014062 0.023438
1 0.260938 0.416406 0.012500 0.017187
1 0.326562 0.510938 0.015625 0.031250
1 0.130469 0.716406 0.020312 0.035937
1 0.838281 0.734375 0.020312 0.021875
1 0.259375 0.428125 0.015625 0.015625
1 0.742969 0.490625 0.007812 0.025000
1 0.245312 0.542188 0.018750 0.034375
1 0.814063 0.749219 0.012500 0.017188
1 0.252344 0.471875 0.014063 0.015625
1 0.760938 0.541406 0.018750 0.029687
1 0.748438 0.510938 0.006250 0.021875
1 0.756250 0.504687 0.015625 0.021875
1 0.748437 0.484375 0.016406 0.028906
1 0.798438 0.743750 0.019531 0.017969
1 0.396875 0.284375 0.021875 0.037500
1 0.744531 0.481250 0.012500 0.025781
1 0.759375 0.517969 0.015625 0.020312
1 0.752344 0.475000 0.014062 0.018750
1 0.146094 0.737500 0.020313 0.018750
