0 0.800000 0.296875 0.021875 0.037500
0 0.710156 0.304688 0.020313 0.031250
0 0.322656 0.478125 0.014063 0.028125
0 0.364844 0.433594 0.010937 0.017188
0 0.157813 0.629687 0.021875 0.034375
0 0.054688 0.655469 0.015625 0.032813
0 0.669531 0.900000 0.020312 0.056250
0 0.803125 0.586719 0.016406 0.033594
0 0.526563 0.782031 0.018750 0.039062
0 0.337500 0.457813 0.012500 0.015625
0 0.330469 0.460156 0.012500 0.016406
0 0.436719 0.723437 0.010937 0.018750
0 0.335156 0.464063 0.014062 0.018750
0 0.393750 0.725000 0.009375 0.015625
0 0.727344 0.596875 0.020313 0.028125
0 0.344531 0.460156 0.010937 0.014062
0 0.406250 0.800000 0.012500 0.031250
0 0.949219 0.693750 0.023438 0.021875
0 0.301563 0.522656 0.015625 0.026562
0 0.344531 0.453125 0.014844 0.020313
0 0.457031 0.682031 0.014062 0.017188
0 0.355469 0.443750 0.010938 0.018750
0 0.700000 0.326562 0.015625 0.028125
0 0.340625 0.460156 0.009375 0.014062
0 0.363281 0.755469 0.014062 0.035937
1 0.800000 0.296094 0.021875 0.032813
1 0.710938 0.304688 0.018750 0.031250
1 0.496094 0.900781 0.029688 0.054688
1 0.803125 0.267188 0.018750 0.028125
1 0.719531 0.649219 0.026562 0.032813
1 0.575000 0.653125 0.018750 0.034375
1 0.801562 0.562500 0.018750 0.025000
1 0.069531 0.646875 0.026562 0.037500
1 0.323438 0.477344 0.012500 0.026562
1 0.139844 0.643750 0.023438 0.034375
1 0.355469 0.442969 0.010938 0.017187
1 0.680469 0.851562 0.020313 0.043750
1 0.157813 0.629687 0.021875 0.034375
1 0.589063 0.708594 0.021875 0.045312
1 0.444531 0.504687 0.010937 0.021875
1 0.722656 0.621875 0.020312 0.031250
1 0.302344 0.524219 0.014063 0.023438
1 0.782813 0.561719 0.019531 0.031250
