0 0.645312 0.970313 0.009375 0.034375
0 0.125781 0.717188 0.017187 0.021875
0 0.128906 0.953906 0.023438 0.045312
0 0.098437 0.933594 0.021875 0.032812
1 0.032031 0.971875 0.010937 0.025000
1 0.394531 0.955469 0.014844 0.031250
1 0.099219 0.976562 0.023438 0.037500
1 0.328906 0.400000 0.017188 0.031250
1 0.110937 0.829687 0.021875 0.040625
1 0.646094 0.970313 0.007812 0.034375
1 0.681250 0.757812 0.017969 0.028906
1 0.121094 0.740625 0.020313 0.034375
1 0.093750 0.986719 0.012500 0.023438
1 0.628906 0.967969 0.023438 0.042187
1 0.346094 0.955469 0.023438 0.023438
1 0.196875 0.701562 0.018750 0.034375
