0 0.538281 0.578906 0.017188 0.035938
0 0.895312 0.969531 0.031250 0.035938
0 0.847656 0.852344 0.031250 0.056250
0 0.006250 0.893750 0.012500 0.028125
0 0.889062 0.843750 0.015625 0.025000
0 0.302344 0.911719 0.032031 0.048438
0 0.818750 0.638281 0.021875 0.026563
0 0.150781 0.714063 0.026562 0.028125
0 0.800781 0.474219 0.023438 0.020313
0 0.475781 0.778125 0.026562 0.050000
0 0.692969 0.980469 0.032813 0.035937
1 0.825781 0.719531 0.026563 0.051563
1 0.898438 0.984375 0.031250 0.025000
1 0.171875 0.714063 0.015625 0.028125
1 0.206250 0.725000 0.021875 0.050000
1 0.885938 0.954688 0.015625 0.015625
1 0.094531 0.728125 0.020312 0.031250
1 0.892187 0.953906 0.025000 0.017188
1 0.723437 0.973437 0.031250 0.050000
1 0.042969 0.932031 0.032812 0.057813
1 0.853906 0.984375 0.014062 0.028125
1 0.826562 0.700781 0.028125 0.032813
1 0.731250 0.256250 0.028125 0.043750
1 0.082031 0.900000 0.029688 0.040625
1 0.069531 0.843750 0.023438 0.037500
1 0.752344 0.321094 0.023438 0.045312
1 0.004687 0.252344 0.009375 0.020313
1 0.821875 0.660937 0.021875 0.025000
1 0.075781 0.936719 0.032813 0.060937
1 0.910156 0.956250 0.014063 0.028125
1 0.824219 0.685938 0.023438 0.025000
1 0.112500 0.839063 0.014844 0.025000
