0 0.067969 0.597656 0.014062 0.048437
0 0.068750 0.612500 0.015625 0.021875
0 0.846094 0.668750 0.023438 0.053125
0 0.078906 0.564063 0.026563 0.034375
0 0.195312 0.716406 0.006250 0.039062
0 0.075781 0.593750 0.026563 0.050000
0 0.896094 0.917188 0.007812 0.025000
0 0.622656 0.318750 0.026563 0.059375
1 0.976562 0.978906 0.025000 0.035937
1 0.923437 0.920313 0.025000 0.025000
1 0.729688 0.779687 0.028125 0.034375
1 0.027344 0.737500 0.029688 0.031250
1 0.110937 0.807031 0.031250 0.057813
1 0.041406 0.731250 0.026562 0.043750
1 0.738281 0.728125 0.026563 0.050000
1 0.082031 0.536719 0.020313 0.023438
1 0.079687 0.564844 0.025000 0.035937
1 0.004687 0.732813 0.009375 0.037500
1 0.694531 0.221875 0.023438 0.043750
