0 0.717187 0.421094 0.018750 0.032813
0 0.766406 0.961719 0.042187 0.073437
0 0.721875 0.455469 0.018750 0.035938
0 0.775781 0.626563 0.018750 0.030469
0 0.992969 0.382031 0.010937 0.035938
0 0.309375 0.476562 0.016406 0.030469
0 0.262500 0.544531 0.018750 0.032813
0 0.689063 0.530469 0.018750 0.035938
0 0.968750 0.994531 0.031250 0.007812
0 0.351562 0.410156 0.009375 0.014062
0 0.650000 0.662500 0.025000 0.046875
0 0.115625 0.239844 0.015625 0.032812
0 0.726562 0.501563 0.021875 0.028125
0 0.729688 0.537500 0.025000 0.040625
1 0.723437 0.456250 0.015625 0.034375
1 0.822656 0.993750 0.026563 0.009375
1 0.337500 0.482031 0.017969 0.030469
1 0.730469 0.536719 0.023438 0.039062
1 0.403906 0.412500 0.004688 0.021875
1 0.246875 0.540625 0.017969 0.034375
1 0.230469 0.460938 0.017188 0.031250
1 0.281250 0.548438 0.018750 0.031250
1 0.717969 0.421875 0.014062 0.031250
1 0.713281 0.471875 0.007812 0.031250
1 0.660156 0.508594 0.018750 0.033594
1 0.619531 0.524219 0.017188 0.032813
1 0.602344 0.536719 0.017188 0.032813
1 0.324219 0.478906 0.014062 0.026562
