0 0.378125 0.646875 0.028125 0.015625
0 0.426563 0.461719 0.020313 0.012500
0 0.540625 0.767969 0.015625 0.010938
0 0.246875 0.780469 0.037500 0.023438
0 0.301562 0.350000 0.012500 0.009375
0 0.624219 0.693750 0.017188 0.006250
0 0.477344 0.622656 0.017188 0.007812
0 0.378125 0.866406 0.031250 0.014062
0 0.616406 0.493750 0.021875 0.012500
1 0.595312 0.538281 0.025000 0.014062
1 0.615625 0.410156 0.021875 0.010938
1 0.340625 0.618750 0.025000 0.015625
1 0.328906 0.248438 0.026562 0.018750
1 0.360156 0.688281 0.026562 0.014062
1 0.386719 0.390625 0.023438 0.012500
1 0.615625 0.380469 0.025000 0.010937
1 0.276562 0.347656 0.021875 0.017188
1 0.330469 0.752344 0.029688 0.017188
1 0.286719 0.630469 0.066406 0.027344
1 0.338281 0.733594 0.029688 0.017188
1 0.477344 0.621875 0.017188 0.006250
1 0.378125 0.646094 0.025000 0.014062
1 0.378125 0.866406 0.031250 0.014062
1 0.313281 0.779687 0.029687 0.018750
