0 0.622656 0.589844 0.021094 0.021875
0 0.653906 0.824219 0.029687 0.057813
0 0.625000 0.610937 0.018750 0.025000
0 0.695312 0.811719 0.014844 0.019531
0 0.105469 0.898438 0.032812 0.050000
0 0.348438 0.560156 0.015625 0.035937
0 0.284375 0.760156 0.028125 0.051562
0 0.693750 0.814062 0.015625 0.021875
0 0.344531 0.225000 0.014062 0.040625
0 0.503125 0.959375 0.031250 0.046875
1 0.633594 0.695312 0.026562 0.056250
1 0.629687 0.635156 0.018750 0.023438
1 0.458594 0.764063 0.026562 0.053125
1 0.009375 0.714844 0.018750 0.051562
1 0.620313 0.567969 0.018750 0.023438
1 0.632031 0.657813 0.020313 0.028125
1 0.532031 0.950781 0.029687 0.057813
