0 0.425000 0.591406 0.018750 0.014062
0 0.080469 0.150781 0.051562 0.039062
0 0.413281 0.603906 0.020313 0.014062
0 0.121875 0.147656 0.046875 0.032812
0 0.246094 0.356250 0.032813 0.015625
0 0.306250 0.736719 0.034375 0.017188
0 0.360156 0.643750 0.026562 0.015625
0 0.278125 0.399219 0.028125 0.010937
0 0.396875 0.616406 0.021875 0.014062
0 0.525781 0.764844 0.014062 0.010937
1 0.425000 0.592187 0.018750 0.012500
1 0.234375 0.130469 0.056250 0.029688
1 0.582031 0.813281 0.017187 0.010937
1 0.376563 0.512500 0.020313 0.012500
1 0.437500 0.579688 0.018750 0.012500
1 0.455469 0.742969 0.020313 0.010937
1 0.295312 0.749219 0.034375 0.017188
1 0.147656 0.235156 0.048437 0.026563
1 0.327344 0.706250 0.029687 0.015625
1 0.442187 0.572656 0.018750 0.010938
1 0.398438 0.617188 0.025000 0.012500
1 0.414062 0.496094 0.021875 0.010938
1 0.259375 0.727344 0.034375 0.020313
1 0.238281 0.503125 0.039062 0.018750
