0 0.796094 0.948438 0.023438 0.025000
0 0.342969 0.737500 0.017188 0.034375
0 0.248438 0.640625 0.014844 0.016406
0 0.657031 0.901563 0.020313 0.021875
0 0.250781 0.626563 0.014063 0.015625
0 0.249219 0.639844 0.014062 0.017188
0 0.759375 0.735938 0.018750 0.031250
0 0.686719 0.871875 0.017188 0.025000
0 0.251563 0.622656 0.012500 0.010938
0 0.803125 0.937500 0.009375 0.018750
0 0.787500 0.940625 0.018750 0.021875
0 0.253125 0.613281 0.012500 0.014063
0 0.754687 0.907813 0.018750 0.015625
0 0.157813 0.889844 0.021875 0.017188
0 0.250000 0.632812 0.015625 0.025000
1 0.753906 0.907813 0.017187 0.015625
1 0.256250 0.613281 0.009375 0.014063
1 0.796094 0.949219 0.023438 0.023438
1 0.242969 0.675781 0.017188 0.020312
1 0.110937 0.875000 0.009375 0.012500
1 0.243750 0.668750 0.018750 0.015625
1 0.242188 0.694531 0.018750 0.032813
1 0.256250 0.600781 0.013281 0.017969
1 0.243750 0.667188 0.018750 0.018750
1 0.245312 0.657031 0.015625 0.017188
1 0.139063 0.883594 0.015625 0.023438
1 0.253125 0.613281 0.012500 0.014063
1 0.774219 0.907031 0.021875 0.022656
1 0.803906 0.938281 0.007812 0.017188
1 0.113281 0.887500 0.014063 0.018750
1 0.255469 0.607031 0.014063 0.020312
1 0.754687 0.907813 0.018750 0.015625
1 0.251563 0.602344 0.009375 0.017188
1 0.798437 0.885938 0.021875 0.037500
1 0.256250 0.596094 0.012500 0.014062
