0 0.722656 0.812500 0.020312 0.040625
0 0.314063 0.839063 0.021875 0.034375
0 0.317187 0.739062 0.018750 0.034375
0 0.321094 0.787500 0.020313 0.037500
0 0.710156 0.864844 0.020313 0.035937
0 0.742188 0.766406 0.018750 0.035938
1 0.721094 0.764844 0.017188 0.035938
1 0.189063 0.878125 0.006250 0.015625
1 0.342187 0.787500 0.018750 0.037500
1 0.755469 0.867969 0.020312 0.035938
1 0.701562 0.763281 0.018750 0.035937
1 0.171094 0.903125 0.014063 0.018750
1 0.744531 0.814844 0.020312 0.039062
1 0.271094 0.835156 0.020313 0.032813
1 0.335938 0.739844 0.018750 0.032813
1 0.292187 0.837500 0.021875 0.031250
1 0.356250 0.739844 0.018750 0.035937
1 0.300781 0.785156 0.020312 0.035937
1 0.700781 0.811719 0.021875 0.039062
1 0.732812 0.865625 0.022656 0.036719
