0 0.366406 0.652344 0.010937 0.010938
0 0.235156 0.725781 0.007812 0.042187
0 0.295312 0.617969 0.015625 0.017188
0 0.462500 0.823438 0.021875 0.028125
0 0.488281 0.747656 0.007812 0.020312
0 0.726562 0.830469 0.009375 0.017188
0 0.575000 0.646875 0.009375 0.018750
0 0.290625 0.615625 0.009375 0.012500
0 0.481250 0.828125 0.018750 0.031250
0 0.279687 0.665625 0.015625 0.025000
0 0.528906 0.703125 0.007812 0.021875
0 0.575000 0.712500 0.006250 0.015625
0 0.589063 0.699219 0.006250 0.014063
0 0.605469 0.669531 0.013281 0.025781
0 0.614062 0.782812 0.009375 0.006250
0 0.452344 0.820312 0.010937 0.021875
1 0.279687 0.663281 0.015625 0.026562
1 0.367969 0.653125 0.011719 0.013281
1 0.689063 0.653125 0.012500 0.040625
1 0.294531 0.635156 0.010937 0.023438
1 0.310156 0.823438 0.021875 0.028906
1 0.285937 0.632031 0.012500 0.020313
1 0.235156 0.725000 0.007812 0.037500
1 0.703125 0.685156 0.015625 0.032813
1 0.514844 0.823438 0.014062 0.018750
1 0.284375 0.821094 0.009375 0.023438
