0 0.478906 0.633594 0.017187 0.020313
0 0.479688 0.654687 0.018750 0.031250
0 0.457813 0.567969 0.021875 0.029687
0 0.475000 0.610937 0.015625 0.025000
0 0.496875 0.596875 0.015625 0.031250
0 0.463281 0.556250 0.014063 0.021875
0 0.460938 0.537500 0.009375 0.015625
1 0.885156 0.625781 0.014062 0.026562
1 0.460938 0.536719 0.010937 0.016406
1 0.457813 0.567969 0.021875 0.031250
1 0.963281 0.798438 0.021875 0.043750
1 0.658594 0.720313 0.023438 0.043750
1 0.475000 0.610937 0.015625 0.025000
1 0.894531 0.823438 0.017969 0.025781
1 0.463281 0.555469 0.014063 0.020313
1 0.690625 0.607031 0.015625 0.032813
1 0.550000 0.580469 0.015625 0.032813
1 0.479687 0.653906 0.020313 0.034375
