0 0.353125 0.671094 0.012500 0.023438
0 0.673438 0.738281 0.012500 0.007812
0 0.333594 0.603906 0.007812 0.017188
0 0.328906 0.598437 0.010937 0.012500
0 0.279687 0.748437 0.018750 0.018750
0 0.225781 0.767969 0.010938 0.017188
1 0.548438 0.496875 0.012500 0.024219
1 0.339844 0.562500 0.007812 0.015625
1 0.285938 0.749219 0.009375 0.017188
1 0.198437 0.766406 0.015625 0.017188
1 0.279687 0.748437 0.018750 0.018750
1 0.225781 0.767969 0.010938 0.017188
1 0.334375 0.603906 0.006250 0.017188
1 0.339062 0.595313 0.006250 0.012500
1 0.337500 0.675000 0.012500 0.031250
1 0.214062 0.768750 0.015625 0.018750
