0 0.688281 0.543750 0.014062 0.021875
0 0.279687 0.558594 0.015625 0.026563
0 0.695312 0.557031 0.015625 0.026563
0 0.309375 0.479687 0.015625 0.021875
0 0.263281 0.883594 0.032812 0.057812
0 0.546094 0.493750 0.010937 0.018750
0 0.359375 0.517188 0.018750 0.018750
0 0.054688 0.758594 0.040625 0.045312
0 0.340625 0.557031 0.015625 0.020312
0 0.650781 0.532031 0.014062 0.026562
0 0.354687 0.455469 0.015625 0.021875
1 0.339844 0.557813 0.014062 0.018750
1 0.730469 0.696875 0.023438 0.040625
1 0.514844 0.496094 0.010937 0.020312
1 0.364062 0.444531 0.012500 0.017188
1 0.310156 0.478125 0.014063 0.018750
1 0.053125 0.758594 0.031250 0.045312
1 0.161719 0.715625 0.023438 0.040625
1 0.330469 0.482031 0.014063 0.026562
1 0.296094 0.528125 0.010937 0.031250
1 0.260156 0.579688 0.017187 0.031250
1 0.341406 0.465625 0.014063 0.018750
1 0.158594 0.650000 0.023438 0.040625
1 0.353906 0.455469 0.014063 0.020313
1 0.715625 0.671875 0.021875 0.037500
1 0.312500 0.505469 0.012500 0.023438
1 0.721875 0.579688 0.018750 0.029687
