0 0.549219 0.534375 0.013281 0.020313
0 0.694531 0.574219 0.014062 0.023438
0 0.703125 0.575000 0.012500 0.012500
0 0.702344 0.585938 0.017188 0.025000
0 0.092969 0.832031 0.026563 0.039062
0 0.164062 0.739844 0.021875 0.035937
0 0.464063 0.529688 0.012500 0.021875
0 0.655469 0.563281 0.014062 0.026562
0 0.318750 0.561719 0.012500 0.023438
0 0.238281 0.680469 0.019531 0.020313
0 0.475781 0.528125 0.010937 0.018750
0 0.123437 0.750000 0.025000 0.034375
0 0.144531 0.733594 0.020313 0.035938
0 0.078125 0.863281 0.025000 0.039062
0 0.518750 0.535937 0.012500 0.021875
1 0.096094 0.765625 0.023438 0.031250
1 0.072656 0.788281 0.026563 0.032813
1 0.328906 0.546094 0.014062 0.023438
1 0.741406 0.725781 0.023438 0.042187
1 0.518750 0.535937 0.012500 0.018750
1 0.348437 0.524219 0.012500 0.020313
1 0.305469 0.577344 0.014062 0.026562
1 0.076563 0.814063 0.018750 0.018750
1 0.093750 0.795312 0.028125 0.034375
1 0.110937 0.775781 0.025000 0.042188
1 0.475000 0.528125 0.012500 0.018750
1 0.339844 0.535937 0.010938 0.021875
1 0.046875 0.828125 0.028125 0.031250
1 0.692187 0.785156 0.025000 0.045313
1 0.728906 0.607031 0.017188 0.029687
1 0.725781 0.700000 0.020313 0.040625
