0 0.071875 0.583594 0.006250 0.023438
0 0.632812 0.630469 0.015625 0.032813
0 0.703125 0.828125 0.021875 0.034375
0 0.624219 0.613281 0.007812 0.023438
0 0.692187 0.869531 0.025000 0.019531
0 0.282813 0.655469 0.018750 0.035938
0 0.081250 0.563281 0.015625 0.017188
0 0.071094 0.667188 0.020313 0.025000
0 0.082812 0.571875 0.015625 0.012500
0 0.080469 0.564844 0.017188 0.017188
0 0.079687 0.579688 0.015625 0.018750
0 0.070312 0.696875 0.021875 0.043750
0 0.404687 0.573438 0.012500 0.025000
0 0.617969 0.599219 0.010937 0.023438
0 0.629687 0.611719 0.018750 0.026563
0 0.224219 0.725000 0.004688 0.009375
0 0.724219 0.877344 0.020312 0.026563
0 0.621094 0.578125 0.020312 0.025000
0 0.632031 0.607031 0.014062 0.020312
0 0.127344 0.848437 0.007812 0.018750
1 0.075000 0.614844 0.015625 0.017188
1 0.627344 0.634375 0.007812 0.028125
1 0.657031 0.701563 0.010937 0.021875
1 0.633594 0.628906 0.014062 0.026563
1 0.077344 0.598437 0.017187 0.015625
1 0.077344 0.609375 0.017187 0.018750
1 0.752344 0.867188 0.014062 0.018750
1 0.729688 0.864062 0.012500 0.015625
1 0.692187 0.869531 0.021875 0.017188
1 0.071094 0.695312 0.020313 0.043750
1 0.078125 0.595313 0.015625 0.015625
1 0.078906 0.610156 0.014063 0.017188
1 0.619531 0.599219 0.007812 0.023438
1 0.072656 0.646875 0.017188 0.018750
1 0.075000 0.628906 0.015625 0.017187
1 0.059375 0.875000 0.025000 0.046875
1 0.648438 0.674219 0.012500 0.029687
1 0.715625 0.866406 0.020313 0.021875
1 0.700000 0.879687 0.025000 0.025000
1 0.627344 0.590625 0.014062 0.018750
1 0.641406 0.645312 0.017188 0.031250
1 0.680469 0.708594 0.020313 0.035937
