0 0.293750 0.375781 0.012500 0.010937
0 0.786719 0.721094 0.020312 0.023438
0 0.793750 0.733594 0.018750 0.020313
0 0.293750 0.389844 0.015625 0.010937
0 0.206250 0.702344 0.021875 0.023438
0 0.292969 0.397656 0.017969 0.011719
0 0.292187 0.408594 0.015625 0.020313
0 0.825000 0.721875 0.015625 0.018750
0 0.292969 0.388281 0.014062 0.010937
0 0.292969 0.397656 0.014062 0.010937
0 0.292969 0.414062 0.013281 0.010156
0 0.285156 0.610937 0.017188 0.021875
0 0.292188 0.659375 0.018750 0.025000
0 0.765625 0.678125 0.018750 0.034375
0 0.813281 0.733594 0.017188 0.023438
0 0.292969 0.389844 0.014062 0.010937
0 0.293750 0.381250 0.015625 0.012500
0 0.807031 0.721875 0.017188 0.018750
0 0.270312 0.667188 0.018750 0.012500
0 0.290625 0.383594 0.009375 0.010937
0 0.421875 0.688281 0.018750 0.035938
0 0.760938 0.541406 0.012500 0.020312
0 0.292969 0.411719 0.014062 0.017187
0 0.294531 0.665625 0.023438 0.021875
0 0.293750 0.381250 0.012500 0.012500
1 0.289062 0.458594 0.015625 0.029688
1 0.295312 0.664844 0.021875 0.020313
1 0.701563 0.542188 0.009375 0.015625
1 0.787500 0.720312 0.018750 0.021875
1 0.290625 0.428125 0.015625 0.021875
1 0.289062 0.468750 0.015625 0.018750
1 0.289844 0.439063 0.014062 0.015625
1 0.292969 0.659375 0.020312 0.025000
1 0.752344 0.515625 0.017188 0.034375
1 0.397656 0.608594 0.017188 0.032813
1 0.206250 0.702344 0.021875 0.020313
1 0.289844 0.454688 0.014062 0.021875
1 0.290625 0.442969 0.015625 0.020313
1 0.287500 0.502344 0.015625 0.026562
1 0.287500 0.482812 0.015625 0.015625
1 0.750000 0.625000 0.018750 0.034375
1 0.828125 0.735938 0.013281 0.019531
1 0.812500 0.733594 0.018750 0.023438
1 0.292969 0.426562 0.014062 0.018750
1 0.271875 0.667188 0.018750 0.012500
1 0.289844 0.426563 0.014062 0.015625
1 0.793750 0.733594 0.018750 0.020313
1 0.557031 0.367188 0.018750 0.030469
1 0.807813 0.721875 0.018750 0.018750
