0 0.384375 0.959375 0.011719 0.035156
0 0.064844 0.925000 0.020312 0.015625
0 0.117969 0.970313 0.017187 0.043750
0 0.114062 0.732031 0.015625 0.020312
0 0.090625 0.949219 0.021875 0.032812
0 0.090625 0.985156 0.021875 0.026562
0 0.556250 0.829688 0.018750 0.034375
1 0.553906 0.866406 0.020313 0.039062
1 0.444531 0.893750 0.022656 0.041406
1 0.339062 0.962500 0.021875 0.025000
1 0.004687 0.984375 0.009375 0.021875
1 0.676562 0.883594 0.018750 0.040625
1 0.089844 0.985937 0.020313 0.025000
1 0.110937 0.756250 0.021875 0.034375
1 0.101562 0.845313 0.022656 0.042969
1 0.384375 0.959375 0.009375 0.031250
