0 0.550000 0.485938 0.012500 0.020313
0 0.684375 0.567969 0.015625 0.029687
0 0.270312 0.591406 0.018750 0.029687
0 0.199219 0.644531 0.012500 0.018750
0 0.155469 0.692187 0.023438 0.040625
0 0.250781 0.611719 0.020312 0.039062
0 0.693750 0.525000 0.015625 0.034375
0 0.228906 0.618750 0.017187 0.025000
0 0.059375 0.783594 0.034375 0.042188
0 0.660156 0.512500 0.014063 0.025000
0 0.253906 0.600000 0.017188 0.021875
0 0.210156 0.753125 0.026563 0.046875
0 0.692969 0.534375 0.014062 0.018750
1 0.721094 0.662500 0.023438 0.037500
1 0.641406 0.660156 0.020313 0.035937
1 0.709375 0.587500 0.018750 0.031250
1 0.555469 0.684375 0.020313 0.037500
1 0.141406 0.714063 0.026563 0.037500
1 0.745313 0.667969 0.021875 0.039062
1 0.693750 0.730469 0.025000 0.045313
1 0.398438 0.387500 0.012500 0.028125
1 0.209375 0.753906 0.025000 0.042188
1 0.229687 0.618750 0.015625 0.025000
1 0.730469 0.554688 0.017187 0.031250
1 0.665625 0.855469 0.028125 0.057813
1 0.723437 0.637500 0.021875 0.028125
