0 0.068750 0.704688 0.025000 0.018750
0 0.466406 0.392188 0.014063 0.025000
0 0.681250 0.412500 0.018750 0.028125
0 0.180469 0.506250 0.020312 0.037500
0 0.070312 0.689844 0.025000 0.023438
0 0.777344 0.719531 0.023438 0.026562
0 0.017188 0.691406 0.021875 0.023438
0 0.807031 0.714844 0.010938 0.010938
0 0.131250 0.661719 0.021875 0.042188
0 0.035937 0.692187 0.015625 0.021875
0 0.136719 0.452344 0.020313 0.023438
0 0.702344 0.508594 0.020313 0.042187
0 0.668750 0.322656 0.018750 0.026562
0 0.016406 0.705469 0.020312 0.020312
0 0.750781 0.716406 0.023438 0.026563
0 0.744531 0.708594 0.023438 0.017188
0 0.771094 0.707812 0.023438 0.018750
1 0.688281 0.424219 0.014062 0.017187
1 0.273438 0.536719 0.018750 0.035937
1 0.770312 0.707812 0.024219 0.018750
1 0.135937 0.432812 0.018750 0.021875
1 0.016406 0.705469 0.020312 0.020312
1 0.788281 0.709375 0.010937 0.018750
1 0.042188 0.703906 0.025781 0.023438
1 0.135156 0.477344 0.020313 0.039062
1 0.117188 0.676562 0.025000 0.043750
1 0.335156 0.463281 0.017188 0.032812
1 0.702344 0.479687 0.014062 0.025000
1 0.681250 0.390625 0.012500 0.015625
1 0.679688 0.434375 0.010937 0.026562
1 0.693750 0.464844 0.018750 0.032813
1 0.685937 0.435937 0.018750 0.037500
1 0.354688 0.259375 0.018750 0.034375
1 0.751562 0.717188 0.025000 0.025000
1 0.701562 0.509375 0.018750 0.040625
1 0.068750 0.703906 0.025000 0.020313
1 0.692969 0.443750 0.014062 0.025000
1 0.694531 0.466406 0.017188 0.029688
