0 0.175781 0.746875 0.014062 0.012500
0 0.729688 0.733594 0.012500 0.016406
0 0.792188 0.991406 0.025000 0.014062
0 0.977344 0.914062 0.010937 0.037500
0 0.106250 0.939063 0.031250 0.059375
0 0.682813 0.978125 0.028125 0.040625
0 0.728906 0.993750 0.023438 0.009375
0 0.485938 0.226562 0.021875 0.040625
0 0.735937 0.730469 0.009375 0.014063
0 0.730469 0.735156 0.014063 0.020313
0 0.177344 0.717187 0.026562 0.050000
1 0.125781 0.864062 0.020312 0.021875
1 0.100000 0.860937 0.031250 0.025000
1 0.214844 0.926562 0.029687 0.056250
1 0.181250 0.685156 0.025000 0.032813
1 0.836719 0.992969 0.026562 0.010937
1 0.149219 0.852344 0.020312 0.045312
1 0.124219 0.863281 0.017187 0.020312
1 0.095312 0.992969 0.015625 0.010937
1 0.183594 0.660156 0.023438 0.026563
1 0.671094 0.986719 0.032813 0.023438
1 0.144531 0.942969 0.032813 0.057813
