0 0.463281 0.580469 0.017188 0.028906
0 0.527344 0.550000 0.010938 0.021875
0 0.244531 0.597656 0.017187 0.020312
0 0.723437 0.603125 0.015625 0.021875
0 0.247656 0.553125 0.014063 0.015625
0 0.253906 0.518750 0.010938 0.018750
0 0.209375 0.788281 0.021875 0.039062
0 0.254688 0.515625 0.012500 0.015625
0 0.217969 0.759375 0.017187 0.028125
0 0.255469 0.499219 0.014063 0.017188
0 0.213281 0.769531 0.020313 0.023438
0 0.250000 0.528906 0.015625 0.026563
0 0.242188 0.618750 0.018750 0.031250
1 0.718750 0.589063 0.015625 0.021875
1 0.285938 0.788281 0.021875 0.039062
1 0.739062 0.676562 0.015625 0.028125
1 0.185156 0.334375 0.020313 0.018750
1 0.723437 0.602344 0.015625 0.023438
1 0.732031 0.634375 0.017188 0.040625
1 0.246094 0.576563 0.014062 0.021875
1 0.247656 0.568750 0.014063 0.018750
1 0.479688 0.714063 0.018750 0.028125
1 0.209375 0.788281 0.021875 0.039062
1 0.242969 0.617969 0.017188 0.029687
1 0.217969 0.759375 0.017187 0.028125
1 0.255469 0.500000 0.014063 0.015625
1 0.632812 0.650000 0.015625 0.031250
1 0.645312 0.651563 0.006250 0.028125
1 0.728125 0.621094 0.015625 0.029688
