0 0.742969 0.600781 0.021875 0.040625
0 0.720313 0.706250 0.028125 0.046875
0 0.214062 0.605469 0.021875 0.035937
0 0.340625 0.449219 0.012500 0.023438
0 0.262500 0.528125 0.015625 0.031250
0 0.649219 0.553906 0.017188 0.032813
0 0.749219 0.708594 0.026562 0.048438
0 0.616406 0.687500 0.023438 0.046875
0 0.539062 0.430469 0.012500 0.020313
0 0.685938 0.531250 0.021875 0.028125
1 0.681250 0.509375 0.018750 0.028125
1 0.277344 0.642969 0.023438 0.035937
1 0.195312 0.603906 0.018750 0.035937
1 0.176563 0.518750 0.018750 0.034375
1 0.678125 0.467187 0.015625 0.021875
1 0.292969 0.532031 0.017188 0.029687
1 0.241406 0.593750 0.020313 0.034375
1 0.621094 0.532813 0.017187 0.031250
1 0.353125 0.457031 0.012500 0.023438
1 0.582812 0.553125 0.017969 0.033594
1 0.004687 0.737500 0.009375 0.043750
1 0.689062 0.559375 0.021875 0.031250
1 0.566406 0.566406 0.017187 0.032812
1 0.576562 0.989844 0.028125 0.017188
1 0.528906 0.421875 0.010938 0.021875
1 0.234375 0.614844 0.021875 0.035937
1 0.276563 0.529687 0.012500 0.028125
1 0.681250 0.488281 0.015625 0.020312
