0 0.702344 0.791406 0.014062 0.010938
0 0.389062 0.755469 0.015625 0.029687
0 0.339844 0.683594 0.010938 0.020312
0 0.358594 0.732812 0.016406 0.028906
0 0.272656 0.855469 0.010937 0.023438
0 0.260156 0.862500 0.015625 0.032031
0 0.392188 0.782031 0.015625 0.017188
1 0.746875 0.671094 0.009375 0.023438
1 0.375000 0.782031 0.015625 0.017188
1 0.757812 0.682031 0.012500 0.029687
1 0.761719 0.691406 0.017187 0.039062
1 0.774219 0.737500 0.010937 0.028125
1 0.260938 0.862500 0.012500 0.031250
1 0.765625 0.698438 0.012500 0.028125
1 0.371875 0.757031 0.015625 0.029687
1 0.546875 0.829687 0.018750 0.037500
1 0.341406 0.671094 0.014063 0.020313
1 0.355469 0.782813 0.017188 0.015625
1 0.739844 0.792969 0.014062 0.010938
1 0.331250 0.700000 0.015625 0.031250
1 0.405469 0.755469 0.014062 0.029687
1 0.365625 0.514844 0.009375 0.010937
1 0.371094 0.612500 0.010938 0.028125
1 0.720313 0.771094 0.015625 0.014062
1 0.465625 0.588281 0.015625 0.039062
