0 0.325000 0.697656 0.015625 0.020312
0 0.340625 0.697656 0.012500 0.020312
0 0.342187 0.667188 0.012500 0.025000
0 0.243750 0.736719 0.012500 0.020312
0 0.342187 0.636719 0.012500 0.023438
0 0.250781 0.730469 0.010937 0.026563
0 0.600000 0.676562 0.014063 0.028125
0 0.238281 0.742188 0.014062 0.015625
0 0.580469 0.709375 0.014062 0.025000
0 0.614062 0.647656 0.014063 0.025781
0 0.327344 0.698438 0.010937 0.018750
1 0.600781 0.646875 0.010937 0.021875
1 0.585938 0.676562 0.012500 0.025000
1 0.660937 0.758594 0.012500 0.017188
1 0.242188 0.736719 0.012500 0.020312
1 0.587500 0.646094 0.012500 0.023438
1 0.312500 0.696875 0.014063 0.021094
1 0.354688 0.636719 0.012500 0.023438
1 0.327344 0.698438 0.010937 0.018750
1 0.356250 0.668750 0.012500 0.025000
1 0.366406 0.638281 0.010937 0.023438
1 0.329688 0.667188 0.012500 0.025000
1 0.238281 0.742188 0.014062 0.015625
1 0.609375 0.710156 0.014063 0.022656
1 0.250781 0.730469 0.010937 0.026563
1 0.595313 0.709375 0.014063 0.023438
1 0.600000 0.676562 0.013281 0.028125
1 0.614062 0.677344 0.012500 0.026563
