0 0.132031 0.984375 0.010938 0.028125
0 0.771094 0.802344 0.007812 0.029687
0 0.232813 0.846875 0.018750 0.037500
0 0.774219 0.778906 0.014062 0.026563
0 0.550000 0.970313 0.018750 0.034375
0 0.449219 0.975000 0.020312 0.018750
1 0.696875 0.740625 0.018750 0.028125
1 0.366406 0.867969 0.021875 0.041406
1 0.731250 0.762500 0.018750 0.034375
1 0.132812 0.985156 0.009375 0.026562
1 0.632812 0.737500 0.018750 0.034375
1 0.774219 0.780469 0.014062 0.026562
1 0.245312 0.655469 0.018750 0.039062
1 0.413281 0.701563 0.017188 0.025000
1 0.337500 0.818750 0.018750 0.037500
1 0.678906 0.720313 0.017188 0.034375
1 0.190625 0.992188 0.012500 0.012500
