0 0.292187 0.733594 0.009375 0.010937
0 0.098437 0.959375 0.021875 0.031250
0 0.125000 0.743750 0.015625 0.021875
0 0.128125 0.978125 0.021875 0.040625
0 0.097656 0.991406 0.020313 0.014062
0 0.110156 0.992969 0.010938 0.010937
1 0.669531 0.567187 0.014062 0.028125
1 0.679688 0.789062 0.012500 0.012500
1 0.346094 0.981250 0.023438 0.025000
1 0.110156 0.856250 0.020312 0.040625
1 0.121094 0.767969 0.021094 0.035156
1 0.098438 0.991406 0.018750 0.014062
1 0.614062 0.846875 0.018750 0.037500
1 0.393750 0.981250 0.012500 0.031250
1 0.628906 0.984375 0.023438 0.028125
