0 0.590625 0.444531 0.009375 0.017188
0 0.378906 0.493750 0.010938 0.012500
0 0.367188 0.493750 0.009375 0.015625
0 0.307812 0.521875 0.009375 0.015625
0 0.662500 0.533594 0.012500 0.014062
0 0.369531 0.446094 0.011719 0.021094
0 0.583594 0.525000 0.010938 0.018750
0 0.379688 0.446875 0.009375 0.018750
0 0.579687 0.444531 0.009375 0.017188
0 0.585156 0.465625 0.010937 0.015625
1 0.603125 0.491406 0.012500 0.014062
1 0.308594 0.527344 0.010938 0.026563
1 0.362500 0.471875 0.009375 0.018750
1 0.385156 0.470313 0.011719 0.020313
1 0.379688 0.447656 0.009375 0.017187
1 0.583594 0.524219 0.010938 0.017188
1 0.355469 0.493750 0.010938 0.015625
1 0.367188 0.493750 0.009375 0.015625
1 0.597656 0.467187 0.011719 0.021094
1 0.662500 0.534375 0.012500 0.012500
1 0.389062 0.446875 0.009375 0.018750
1 0.579687 0.444531 0.009375 0.017188
1 0.585156 0.465625 0.010937 0.015625
1 0.568750 0.445312 0.009375 0.018750
1 0.303125 0.535937 0.015625 0.025000
1 0.374219 0.469531 0.010937 0.020313
