0 0.084375 0.585156 0.015625 0.026562
0 0.589844 0.625000 0.014063 0.034375
0 0.579688 0.610938 0.012500 0.028125
0 0.598437 0.655469 0.015625 0.035938
0 0.585938 0.619531 0.021875 0.045312
1 0.598437 0.655469 0.015625 0.035938
1 0.101562 0.674219 0.015625 0.026563
1 0.590625 0.658594 0.015625 0.029687
1 0.667969 0.786719 0.029688 0.064063
1 0.082813 0.553125 0.012500 0.025000
1 0.456250 0.717187 0.010156 0.028906
1 0.104688 0.700000 0.021875 0.034375
1 0.142187 0.595312 0.012500 0.025000
1 0.100781 0.658594 0.010938 0.017188
1 0.664844 0.807813 0.026562 0.025000
1 0.605469 0.678125 0.010938 0.018750
1 0.477344 0.351562 0.014062 0.028125
1 0.673438 0.769531 0.018750 0.029688
1 0.628906 0.716406 0.017187 0.035937
1 0.643750 0.730469 0.021875 0.029688
1 0.616406 0.699219 0.017188 0.032812
1 0.579688 0.576562 0.015625 0.028125
1 0.659375 0.590625 0.015625 0.031250
1 0.655469 0.560937 0.018750 0.035937
1 0.671094 0.590625 0.017188 0.034375
