0 0.750781 0.780469 0.007812 0.035938
0 0.119531 0.954687 0.014062 0.021875
0 0.753906 0.810938 0.007812 0.025000
0 0.754687 0.754687 0.015625 0.025000
0 0.164844 0.917969 0.020312 0.042188
0 0.175781 0.978906 0.004688 0.023438
0 0.164844 0.908594 0.020312 0.023438
0 0.114844 0.969531 0.014062 0.014062
0 0.273438 0.707812 0.012500 0.018750
0 0.696875 0.953906 0.021875 0.048438
0 0.196094 0.821094 0.020312 0.039062
0 0.174219 0.934375 0.004688 0.018750
1 0.142969 0.906250 0.014063 0.021875
1 0.200781 0.705469 0.017187 0.026563
1 0.305469 0.800781 0.007812 0.032812
1 0.717969 0.954688 0.023438 0.031250
1 0.657031 0.699219 0.017188 0.032812
1 0.175781 0.978906 0.004688 0.023438
1 0.114062 0.969531 0.015625 0.014062
1 0.754687 0.754687 0.015625 0.025000
1 0.709375 0.746094 0.018750 0.035937
1 0.639062 0.957812 0.015625 0.028125
1 0.196875 0.734375 0.018750 0.034375
