0 0.450781 0.986719 0.026562 0.023438
0 0.575781 0.419531 0.014062 0.026562
0 0.383594 0.425000 0.004688 0.012500
0 0.727344 0.751562 0.029687 0.053125
0 0.331250 0.550000 0.014844 0.014844
0 0.341406 0.488281 0.014063 0.026563
0 0.361719 0.476562 0.010937 0.021875
0 0.858594 0.553125 0.010937 0.034375
0 0.382031 0.421875 0.007812 0.015625
0 0.382031 0.415625 0.007812 0.012500
0 0.189844 0.603906 0.023438 0.032813
0 0.780469 0.542188 0.023438 0.028125
0 0.377344 0.423438 0.017187 0.021875
0 0.589844 0.321094 0.017187 0.023438
0 0.122656 0.606250 0.020312 0.021875
0 0.853906 0.531250 0.020312 0.028125
0 0.374219 0.422656 0.010937 0.020313
0 0.382812 0.420312 0.009375 0.015625
0 0.373437 0.429688 0.012500 0.025000
1 0.576562 0.419531 0.012500 0.026562
1 0.790625 0.496094 0.021875 0.023438
1 0.834375 0.529687 0.018750 0.031250
1 0.128125 0.621094 0.025000 0.032812
1 0.764844 0.616406 0.029687 0.035938
1 0.361719 0.441406 0.010937 0.023438
1 0.795312 0.478906 0.018750 0.023438
1 0.190625 0.603906 0.021875 0.032813
1 0.207031 0.591406 0.020313 0.032813
1 0.774219 0.562500 0.023438 0.028125
1 0.576562 0.324219 0.012500 0.020312
1 0.853906 0.531250 0.020312 0.028125
1 0.484375 0.671094 0.025000 0.042187
1 0.769531 0.588281 0.026563 0.029687
1 0.589063 0.321094 0.012500 0.023438
1 0.785937 0.518750 0.021875 0.025000
1 0.341406 0.489063 0.014063 0.025000
