0 0.775000 0.982031 0.040625 0.032813
0 0.768750 0.651563 0.015625 0.028125
0 0.307031 0.492969 0.014063 0.029687
0 0.260156 0.560156 0.017187 0.032813
0 0.684375 0.556250 0.018750 0.034375
0 0.994531 0.831250 0.007812 0.021875
0 0.646094 0.685156 0.023438 0.045312
0 0.117188 0.254688 0.015625 0.031250
0 0.722656 0.538281 0.023438 0.026562
0 0.725000 0.567187 0.028125 0.034375
1 0.710938 0.506250 0.009375 0.037500
1 0.721875 0.511719 0.015625 0.023438
1 0.725781 0.565625 0.025000 0.035937
1 0.228125 0.476562 0.015625 0.031250
1 0.243750 0.556250 0.015625 0.034375
1 0.278125 0.564844 0.018750 0.032813
1 0.334375 0.498437 0.015625 0.028125
1 0.637500 0.219531 0.021875 0.039062
1 0.656250 0.532813 0.018750 0.032031
1 0.614844 0.547656 0.017188 0.032813
1 0.599219 0.559375 0.018750 0.034375
1 0.720313 0.490625 0.015625 0.021875
1 0.319531 0.496094 0.014062 0.026563
