0 0.635938 0.728125 0.012500 0.018750
0 0.629687 0.709375 0.015625 0.021875
0 0.035938 0.946094 0.043750 0.060937
0 0.094531 0.667969 0.014063 0.029688
0 0.625000 0.721875 0.012500 0.012500
0 0.305469 0.821875 0.032813 0.059375
0 0.786719 0.661719 0.023438 0.039062
0 0.631250 0.722656 0.015625 0.010938
0 0.028125 0.970313 0.025000 0.050000
0 0.620313 0.735938 0.009375 0.018750
0 0.626563 0.738281 0.012500 0.017187
0 0.064062 0.971094 0.043750 0.054688
0 0.635938 0.725000 0.012500 0.012500
0 0.502344 0.775000 0.023438 0.050000
0 0.637500 0.733594 0.012500 0.023438
0 0.630469 0.732031 0.023438 0.026563
0 0.637500 0.735937 0.012500 0.021875
0 0.562500 0.766406 0.031250 0.054688
0 0.623437 0.732031 0.012500 0.026563
0 0.645312 0.698438 0.009375 0.015625
0 0.049219 0.988281 0.042188 0.020312
1 0.436719 0.928125 0.035938 0.071875
1 0.746094 0.678125 0.023438 0.040625
1 0.035156 0.939844 0.039062 0.045312
1 0.282813 0.821094 0.012500 0.051563
1 0.602344 0.731250 0.023438 0.028125
1 0.717188 0.670313 0.021875 0.040625
1 0.024219 0.819531 0.039062 0.042187
1 0.891406 0.794531 0.029687 0.067187
1 0.660937 0.733594 0.025000 0.029687
1 0.079687 0.942969 0.037500 0.057813
1 0.014063 0.855469 0.028125 0.070312
1 0.050000 0.988281 0.040625 0.020312
1 0.886719 0.767969 0.020312 0.020312
1 0.757812 0.665625 0.021875 0.040625
