0 0.515625 0.435937 0.012500 0.021875
0 0.715625 0.592188 0.018750 0.037500
0 0.505469 0.428125 0.010938 0.021875
0 0.696094 0.698438 0.026562 0.046875
0 0.595312 0.687500 0.021875 0.046875
0 0.184375 0.634375 0.021875 0.037500
0 0.314063 0.465625 0.014844 0.025000
0 0.625000 0.552344 0.018750 0.032813
0 0.724219 0.697656 0.026563 0.045312
0 0.234375 0.552344 0.016406 0.032031
0 0.660937 0.527344 0.018750 0.026563
1 0.544531 0.569531 0.017188 0.032813
1 0.259375 0.663281 0.021875 0.039062
1 0.266406 0.554688 0.018750 0.032031
1 0.597656 0.532813 0.017187 0.031250
1 0.505469 0.428125 0.010938 0.021875
1 0.164062 0.634375 0.018750 0.037500
1 0.143750 0.549219 0.021094 0.037500
1 0.328125 0.472656 0.012500 0.026563
1 0.657813 0.503906 0.015625 0.023438
1 0.213281 0.621094 0.020313 0.032812
1 0.651563 0.463281 0.015625 0.020313
1 0.558594 0.555469 0.017187 0.032813
1 0.664062 0.555469 0.021875 0.035938
1 0.560938 0.992969 0.025000 0.010937
1 0.207031 0.643750 0.023438 0.037500
1 0.653906 0.483594 0.014062 0.020313
1 0.646875 0.510938 0.009375 0.025000
1 0.250781 0.552344 0.014063 0.029687
