0 0.429688 0.585156 0.006250 0.010937
0 0.158594 0.924219 0.038281 0.075781
0 0.759375 0.518750 0.018750 0.031250
0 0.363281 0.632031 0.016406 0.033594
0 0.145313 0.675000 0.009375 0.034375
0 0.618750 0.683594 0.009375 0.023438
0 0.355469 0.792188 0.031250 0.058594
0 0.657812 0.639844 0.006250 0.010937
0 0.652344 0.644531 0.020312 0.035937
1 0.823438 0.466406 0.012500 0.029688
1 0.255469 0.915625 0.039063 0.075000
1 0.133594 0.753125 0.027344 0.049219
1 0.754687 0.878125 0.025000 0.065625
1 0.006250 0.951562 0.012500 0.059375
1 0.138281 0.762500 0.035937 0.065625
1 0.274219 0.628125 0.020313 0.037500
1 0.121094 0.939063 0.026562 0.078125
1 0.771875 0.539062 0.022656 0.038281
