0 0.768750 0.656250 0.015625 0.028125
0 0.575781 0.428906 0.010938 0.020313
0 0.533594 0.972656 0.035937 0.051562
0 0.257812 0.564844 0.018750 0.032813
0 0.724219 0.572656 0.026563 0.035937
0 0.305469 0.497656 0.014062 0.026563
0 0.846094 0.779687 0.007812 0.028125
0 0.379687 0.428125 0.012500 0.021875
0 0.645312 0.691406 0.025000 0.045313
0 0.684375 0.562500 0.018750 0.034375
0 0.722656 0.543750 0.023438 0.025000
1 0.707812 0.484375 0.010156 0.025000
1 0.400781 0.753906 0.017187 0.010938
1 0.226562 0.479688 0.015625 0.034375
1 0.707812 0.507031 0.006250 0.023438
1 0.720313 0.497656 0.016406 0.021094
1 0.721094 0.519531 0.017188 0.023438
1 0.332031 0.503906 0.017188 0.026563
1 0.706250 0.488281 0.006250 0.026563
1 0.725000 0.572656 0.025000 0.032813
1 0.241406 0.560156 0.017187 0.032813
1 0.716406 0.478125 0.014062 0.021875
1 0.598437 0.566406 0.018750 0.032812
1 0.392188 0.436719 0.012500 0.023438
1 0.708594 0.516406 0.007812 0.026562
1 0.655469 0.539844 0.017188 0.029687
1 0.614062 0.553906 0.019531 0.033594
1 0.617188 0.980469 0.037500 0.035937
1 0.565625 0.420312 0.012500 0.021875
1 0.276562 0.570312 0.019531 0.034375
1 0.319531 0.500781 0.014062 0.026562
