0 0.808594 0.803125 0.017187 0.018750
0 0.661719 0.775781 0.011719 0.021875
0 0.810937 0.841406 0.021094 0.024219
0 0.810156 0.821875 0.017188 0.018750
0 0.749219 0.834375 0.017188 0.034375
0 0.264844 0.765625 0.014062 0.015625
0 0.267188 0.770312 0.018750 0.025000
0 0.812500 0.869531 0.021875 0.042188
0 0.473438 0.799219 0.017969 0.034375
1 0.808594 0.803906 0.017187 0.020313
1 0.260937 0.782031 0.015625 0.017188
1 0.717969 0.789844 0.017188 0.032813
1 0.813281 0.867969 0.020313 0.039062
1 0.264844 0.808594 0.010937 0.020312
1 0.444531 0.775781 0.017188 0.032813
1 0.667188 0.800000 0.006250 0.028125
1 0.234375 0.914844 0.018750 0.032813
1 0.250000 0.841406 0.018750 0.032813
1 0.254687 0.818750 0.018750 0.021875
1 0.268750 0.792188 0.009375 0.028125
1 0.262500 0.788281 0.018750 0.026562
1 0.257031 0.800000 0.017187 0.018750
1 0.686719 0.788281 0.017188 0.032813
1 0.201563 0.917188 0.018750 0.037500
1 0.241406 0.932031 0.020313 0.039062
