0 0.410937 0.917188 0.028125 0.059375
0 0.556250 0.580469 0.028125 0.054688
0 0.360156 0.725781 0.045312 0.101562
0 0.235938 0.635156 0.009375 0.026563
0 0.376563 0.517187 0.015625 0.037500
0 0.068750 0.524219 0.025000 0.045312
0 0.567969 0.707031 0.025000 0.051562
1 0.706250 0.910937 0.027344 0.029687
1 0.539844 0.896875 0.035938 0.059375
1 0.098437 0.577344 0.025000 0.045312
1 0.327344 0.548438 0.020313 0.031250
1 0.653906 0.670312 0.026563 0.043750
1 0.672656 0.910937 0.023438 0.018750
1 0.426563 0.563281 0.025000 0.042187
1 0.521875 0.871094 0.015625 0.035937
