0 0.093750 0.989844 0.009375 0.017188
0 0.297656 0.743750 0.007812 0.012500
0 0.125781 0.742969 0.017187 0.026562
0 0.099219 0.958594 0.023438 0.035937
0 0.308594 0.742188 0.007812 0.012500
1 0.347656 0.980469 0.023438 0.023438
1 0.673438 0.642969 0.018750 0.029687
1 0.679688 0.789062 0.012500 0.012500
1 0.111719 0.853125 0.020312 0.040625
1 0.033594 0.989844 0.010937 0.017188
1 0.219531 0.717187 0.017187 0.034375
1 0.121094 0.765625 0.020313 0.034375
1 0.093750 0.989844 0.009375 0.017188
1 0.615625 0.846094 0.020313 0.038281
1 0.394531 0.979688 0.014062 0.028125
1 0.630469 0.983594 0.023438 0.029687
