0 0.699219 0.570312 0.016406 0.025781
0 0.603906 0.529687 0.013281 0.021875
0 0.132031 0.717187 0.007812 0.015625
0 0.544531 0.544531 0.007812 0.014062
0 0.782812 0.732813 0.025000 0.040625
0 0.128906 0.712500 0.014062 0.025000
0 0.375000 0.514844 0.012500 0.017188
0 0.382812 0.514062 0.012500 0.018750
0 0.372656 0.524219 0.015625 0.021875
0 0.746094 0.641406 0.017187 0.032813
0 0.803906 0.646094 0.020313 0.032813
0 0.682031 0.675781 0.020312 0.035937
0 0.740625 0.713281 0.021875 0.039062
1 0.597656 0.740625 0.020312 0.043750
1 0.660156 0.680469 0.020312 0.035938
1 0.443750 0.422656 0.009375 0.017188
1 0.812500 0.765625 0.025000 0.043750
1 0.346094 0.662500 0.017187 0.034375
1 0.419531 0.472656 0.014063 0.020312
1 0.774219 0.702344 0.023438 0.035938
1 0.360156 0.535937 0.014062 0.021875
1 0.314844 0.631250 0.017187 0.031250
1 0.455469 0.414062 0.010937 0.021875
1 0.813281 0.729688 0.026562 0.031250
1 0.695312 0.734375 0.021875 0.040625
1 0.711719 0.958594 0.035938 0.067187
1 0.746094 0.754687 0.023438 0.043750
1 0.772656 0.666406 0.020313 0.032813
