0 0.554688 0.457031 0.012500 0.020312
0 0.760156 0.632031 0.020312 0.042187
0 0.737500 0.737500 0.028125 0.050000
0 0.831250 0.784375 0.007031 0.025000
0 0.233594 0.627344 0.020312 0.035937
0 0.370313 0.483594 0.012500 0.023438
0 0.767188 0.739844 0.028125 0.048438
0 0.281250 0.552344 0.015625 0.029687
0 0.664844 0.581250 0.020313 0.034375
0 0.357812 0.475000 0.014844 0.025000
0 0.631250 0.717187 0.025781 0.048438
0 0.701563 0.560156 0.021875 0.026563
0 0.704687 0.589063 0.025000 0.034375
1 0.693750 0.494531 0.018750 0.020312
1 0.693750 0.511719 0.021875 0.023438
1 0.697656 0.535937 0.017188 0.025000
1 0.310937 0.557813 0.017188 0.028906
1 0.337500 0.618750 0.019531 0.034375
1 0.705469 0.588281 0.023438 0.032813
1 0.687500 0.540625 0.006250 0.031250
1 0.214844 0.625781 0.017188 0.035938
1 0.199219 0.542188 0.018750 0.034375
1 0.580469 0.592969 0.017188 0.035938
1 0.260156 0.617188 0.020313 0.031250
1 0.635156 0.560156 0.017188 0.029687
1 0.369531 0.482812 0.014063 0.023438
1 0.596094 0.578906 0.017188 0.032813
1 0.543750 0.449219 0.012500 0.023438
1 0.295312 0.554688 0.012500 0.028125
1 0.253906 0.637500 0.020312 0.037500
