0 0.364844 0.645312 0.007812 0.021875
0 0.692187 0.742969 0.015625 0.014062
0 0.351562 0.787500 0.006250 0.012500
0 0.349219 0.684375 0.017187 0.028125
0 0.376563 0.712500 0.015625 0.028125
0 0.391406 0.760938 0.017188 0.018750
0 0.748437 0.548437 0.015625 0.025000
0 0.785156 0.657031 0.017187 0.039062
0 0.260938 0.809375 0.018750 0.018750
0 0.355469 0.659375 0.014062 0.015625
0 0.350781 0.671094 0.014062 0.014062
0 0.360938 0.667188 0.006250 0.018750
0 0.768750 0.632812 0.012500 0.028125
0 0.356250 0.664844 0.015625 0.023438
0 0.775781 0.611719 0.014062 0.026563
0 0.477344 0.679688 0.008594 0.018750
0 0.357812 0.641406 0.009375 0.020313
0 0.360938 0.828906 0.009375 0.020313
1 0.738281 0.517187 0.010938 0.025000
1 0.416406 0.831250 0.020313 0.034375
1 0.748437 0.547656 0.015625 0.023438
1 0.359375 0.640625 0.012500 0.021875
1 0.772656 0.762500 0.020313 0.018750
1 0.364844 0.644531 0.007812 0.023438
1 0.357031 0.642188 0.007812 0.018750
1 0.799219 0.700000 0.007812 0.031250
1 0.915625 0.824219 0.025000 0.026563
1 0.552344 0.785156 0.017188 0.014063
1 0.392188 0.760938 0.015625 0.018750
1 0.350000 0.685156 0.015625 0.023438
1 0.351562 0.671875 0.012500 0.015625
1 0.712500 0.685156 0.009375 0.026563
1 0.738281 0.739844 0.017187 0.014062
1 0.283594 0.842969 0.014063 0.029687
1 0.782031 0.646094 0.014062 0.023438
1 0.785937 0.656250 0.015625 0.034375
