0 0.567187 0.425000 0.013281 0.021875
0 0.767969 0.664844 0.017188 0.032813
0 0.303906 0.505469 0.014062 0.029687
0 0.682813 0.567969 0.018750 0.035937
0 0.114062 0.267969 0.015625 0.026562
0 0.845312 0.785156 0.006250 0.026563
0 0.378125 0.435156 0.012500 0.023438
0 0.645312 0.696875 0.025781 0.046875
0 0.585938 0.435156 0.013281 0.021094
0 0.259375 0.571094 0.015625 0.029687
0 0.721875 0.548437 0.021875 0.025000
1 0.597656 0.571094 0.017187 0.032813
1 0.713281 0.485156 0.020312 0.023438
1 0.724219 0.577344 0.023438 0.032813
1 0.716406 0.502344 0.017188 0.020312
1 0.720313 0.524219 0.015625 0.023438
1 0.275781 0.577344 0.020313 0.034375
1 0.391406 0.445312 0.014063 0.023438
1 0.317187 0.507812 0.012500 0.028125
1 0.331250 0.511719 0.015625 0.026563
1 0.709375 0.510156 0.009375 0.026562
1 0.717187 0.490625 0.015625 0.015625
1 0.613281 0.559375 0.017187 0.031250
1 0.654687 0.545312 0.018750 0.032031
1 0.567187 0.425000 0.012500 0.021875
1 0.514844 0.989062 0.029687 0.018750
