0 0.765625 0.903125 0.021875 0.025000
0 0.676562 0.596875 0.015625 0.018750
0 0.757031 0.890625 0.020313 0.015625
0 0.764844 0.861719 0.020313 0.017188
0 0.314844 0.585938 0.017187 0.031250
0 0.017969 0.876563 0.023438 0.018750
0 0.457812 0.565625 0.012500 0.025000
0 0.677344 0.604688 0.017188 0.031250
0 0.018750 0.860156 0.021875 0.020313
0 0.679688 0.612500 0.015625 0.018750
0 0.128906 0.601562 0.017188 0.018750
0 0.128125 0.619531 0.018750 0.023438
0 0.132031 0.584375 0.017187 0.018750
0 0.667969 0.604688 0.010156 0.021875
0 0.669531 0.614062 0.010938 0.031250
0 0.793750 0.898438 0.012500 0.015625
0 0.531250 0.599219 0.015625 0.029687
0 0.675781 0.596094 0.014063 0.017188
0 0.795312 0.889062 0.012500 0.012500
1 0.684375 0.632031 0.015625 0.023438
1 0.236719 0.660156 0.004688 0.004687
1 0.757812 0.890625 0.018750 0.015625
1 0.677344 0.635938 0.010938 0.028125
1 0.017969 0.860938 0.020313 0.018750
1 0.132031 0.585156 0.017187 0.020313
1 0.772656 0.890625 0.010937 0.015625
1 0.731250 0.892969 0.018750 0.020312
1 0.040625 0.870313 0.025000 0.028125
1 0.664062 0.585938 0.009375 0.025000
1 0.496875 0.780469 0.021875 0.020313
1 0.145313 0.467187 0.021875 0.031250
1 0.135156 0.725000 0.022656 0.041406
1 0.672656 0.579688 0.014062 0.018750
1 0.685937 0.648438 0.018750 0.021875
1 0.125781 0.646875 0.020312 0.040625
1 0.795312 0.889844 0.012500 0.014062
1 0.793750 0.898438 0.012500 0.015625
1 0.682031 0.639062 0.020312 0.034375
1 0.253906 0.203125 0.020312 0.037500
1 0.640625 0.825000 0.021875 0.031250
1 0.741406 0.902344 0.023438 0.026563
1 0.689063 0.669531 0.018750 0.032813
