0 0.335156 0.714063 0.007812 0.018750
0 0.659375 0.899219 0.015625 0.010937
0 0.327344 0.707812 0.010937 0.021875
0 0.192188 0.868750 0.006250 0.015625
0 0.315625 0.789844 0.015625 0.029687
0 0.299219 0.849219 0.014063 0.023438
0 0.203125 0.869531 0.015625 0.017188
0 0.324219 0.732031 0.014062 0.029687
0 0.219531 0.871094 0.014063 0.017187
0 0.308594 0.808594 0.010938 0.014063
0 0.342969 0.685156 0.007812 0.017188
0 0.656250 0.928125 0.012500 0.015625
0 0.664062 0.882031 0.009375 0.014062
0 0.214844 0.831250 0.014062 0.028125
0 0.342187 0.810937 0.012500 0.018750
0 0.657813 0.910937 0.012500 0.018750
0 0.331250 0.776563 0.012500 0.025000
0 0.338281 0.697656 0.007812 0.017188
0 0.520312 0.754687 0.012500 0.025000
0 0.301563 0.801562 0.006250 0.015625
1 0.338281 0.698438 0.007812 0.018750
1 0.328906 0.723437 0.014062 0.021875
1 0.203906 0.869531 0.017187 0.017188
1 0.328906 0.705469 0.007812 0.020312
1 0.329688 0.721094 0.012500 0.023438
1 0.342969 0.685937 0.007812 0.015625
1 0.301563 0.800781 0.006250 0.014063
1 0.321094 0.727344 0.007812 0.020313
1 0.315625 0.788281 0.012500 0.026562
1 0.520312 0.754687 0.012500 0.025000
1 0.328125 0.707812 0.009375 0.021875
1 0.390625 0.766406 0.009375 0.023438
1 0.334375 0.714844 0.006250 0.017187
1 0.308594 0.808594 0.010938 0.014063
1 0.325000 0.732812 0.014844 0.027344
