0 0.757812 0.628125 0.021875 0.037500
0 0.795312 0.780469 0.031250 0.023438
0 0.801562 0.882812 0.037500 0.065625
0 0.792188 0.611719 0.021875 0.039062
0 0.425781 0.222656 0.017188 0.032813
0 0.762500 0.891406 0.039844 0.071094
0 0.655469 0.877344 0.035938 0.067187
0 0.693750 0.564844 0.012500 0.023438
0 0.795312 0.780469 0.031250 0.023438
1 0.006250 0.830469 0.012500 0.023438
1 0.652344 0.571875 0.020312 0.025000
1 0.006250 0.839844 0.012500 0.042188
1 0.946094 0.755469 0.032813 0.045312
1 0.265625 0.807031 0.031250 0.060937
1 0.882031 0.760156 0.032813 0.045312
1 0.431250 0.282813 0.018750 0.037500
1 0.821094 0.829687 0.035938 0.040625
1 0.687500 0.861719 0.034375 0.067187
1 0.167969 0.898438 0.024219 0.031250
1 0.712500 0.901563 0.037500 0.068750
1 0.635156 0.526563 0.017188 0.031250
1 0.159375 0.899219 0.037500 0.032813
1 0.932813 0.721875 0.032813 0.051562
1 0.978125 0.743750 0.028125 0.053125
