0 0.724219 0.343750 0.015625 0.034375
0 0.625781 0.438281 0.020313 0.035938
0 0.793750 0.802344 0.034375 0.039062
0 0.400000 0.390625 0.009375 0.018750
0 0.748438 0.578906 0.021875 0.032813
0 0.764844 0.854688 0.035938 0.065625
0 0.629687 0.852344 0.034375 0.067188
0 0.733594 0.865625 0.035938 0.068750
1 0.820312 0.864062 0.037500 0.068750
1 0.660937 0.836719 0.034375 0.067188
1 0.925781 0.731250 0.034375 0.041406
1 0.100781 0.828125 0.017187 0.040625
1 0.928125 0.850000 0.033594 0.068750
1 0.685938 0.877344 0.037500 0.070312
1 0.175000 0.587500 0.012500 0.037500
1 0.136719 0.907031 0.039062 0.070312
1 0.010156 0.780469 0.020313 0.048438
1 0.900781 0.697656 0.029687 0.051562
