0 0.542188 0.533594 0.012500 0.023438
0 0.568750 0.590625 0.012500 0.021875
1 0.541406 0.533594 0.010938 0.023438
1 0.752344 0.744531 0.014062 0.032813
1 0.569531 0.592187 0.014062 0.028125
1 0.105469 0.673438 0.014063 0.028125
1 0.553906 0.563281 0.010937 0.023438
1 0.581250 0.623437 0.012500 0.028125
1 0.549219 0.546875 0.014062 0.025000
1 0.560937 0.571875 0.012500 0.031250
1 0.585938 0.628125 0.012500 0.028125
1 0.575781 0.604688 0.017188 0.028125
1 0.600000 0.646875 0.015625 0.031250
1 0.729688 0.708594 0.018750 0.039062
