0 0.625781 0.805469 0.010937 0.020313
0 0.772656 0.869531 0.017188 0.023438
0 0.345313 0.852344 0.014844 0.038281
0 0.234375 0.782031 0.018750 0.039062
0 0.771875 0.830469 0.017188 0.020313
0 0.719531 0.867969 0.017188 0.035938
0 0.774219 0.850000 0.017188 0.021875
1 0.771875 0.832031 0.015625 0.020312
1 0.408594 0.803906 0.017187 0.032813
1 0.223438 0.812500 0.015625 0.018750
1 0.220312 0.828125 0.015625 0.018750
1 0.232812 0.821094 0.009375 0.023438
1 0.213281 0.870313 0.020313 0.034375
1 0.217969 0.845313 0.017187 0.018750
1 0.766406 0.894531 0.004688 0.029688
1 0.650781 0.816406 0.017188 0.032812
1 0.198437 0.930469 0.018750 0.026562
1 0.682031 0.817969 0.017188 0.032813
1 0.202344 0.955469 0.020312 0.039062
