0 0.817187 0.507031 0.015625 0.020313
0 0.817969 0.511719 0.020312 0.026563
0 0.318750 0.530469 0.015625 0.017188
0 0.768750 0.634375 0.015625 0.034375
0 0.812500 0.530469 0.009375 0.035938
0 0.832031 0.576562 0.014063 0.018750
0 0.329688 0.468750 0.012500 0.018750
0 0.328125 0.482812 0.012500 0.025000
0 0.327344 0.484375 0.015625 0.017969
0 0.280469 0.732031 0.017188 0.032813
0 0.819531 0.532812 0.017188 0.021875
0 0.817969 0.532813 0.020312 0.031250
0 0.328125 0.481250 0.012500 0.025000
0 0.828906 0.582812 0.017188 0.015625
0 0.330469 0.460156 0.014063 0.020313
0 0.828125 0.579687 0.018750 0.025000
0 0.821094 0.576563 0.007812 0.025000
0 0.821875 0.522656 0.012500 0.020313
0 0.828906 0.567187 0.014062 0.025000
0 0.330469 0.454688 0.010937 0.012500
1 0.276563 0.711719 0.018750 0.020313
1 0.316406 0.547656 0.017188 0.020313
1 0.261719 0.723437 0.007812 0.043750
1 0.778906 0.704687 0.020312 0.037500
1 0.834375 0.617969 0.018750 0.041406
1 0.814844 0.488281 0.014062 0.017188
1 0.832812 0.596875 0.018750 0.018750
1 0.315625 0.566406 0.018750 0.029688
1 0.325000 0.489062 0.015625 0.018750
1 0.323437 0.507812 0.015625 0.025000
1 0.409375 0.527344 0.015625 0.029688
1 0.822656 0.550781 0.017188 0.023438
1 0.750781 0.633594 0.017188 0.032813
1 0.324219 0.499219 0.014062 0.017188
1 0.834375 0.602344 0.018750 0.026562
1 0.325781 0.485156 0.014063 0.014062
1 0.330469 0.721875 0.020313 0.040625
1 0.496094 0.726562 0.020312 0.028125
1 0.273438 0.746094 0.021875 0.039062
