0 0.218750 0.592969 0.015625 0.014062
0 0.653125 0.328125 0.015625 0.031250
0 0.308594 0.633594 0.017188 0.029687
0 0.692187 0.382031 0.015625 0.029687
0 0.610156 0.360938 0.017188 0.031250
0 0.219531 0.559375 0.007812 0.012500
0 0.222656 0.561719 0.014062 0.014062
0 0.117188 0.888281 0.021875 0.020312
0 0.227344 0.564063 0.007812 0.015625
0 0.223438 0.568750 0.016406 0.016406
0 0.212500 0.637500 0.015625 0.015625
0 0.314844 0.619531 0.014063 0.023438
0 0.623437 0.244531 0.012500 0.020313
0 0.394531 0.616406 0.014062 0.029687
0 0.223438 0.557813 0.012500 0.009375
0 0.221094 0.575781 0.014063 0.017188
1 0.210938 0.656250 0.018750 0.018750
1 0.209375 0.678125 0.018750 0.034375
1 0.227344 0.832812 0.022656 0.039844
1 0.214844 0.621875 0.014062 0.018750
1 0.704688 0.791406 0.012500 0.029687
1 0.217188 0.607812 0.015625 0.018750
1 0.092969 0.889063 0.023438 0.021875
1 0.314844 0.620313 0.014063 0.025000
1 0.297656 0.627344 0.014062 0.029687
1 0.218750 0.592187 0.015625 0.015625
1 0.394531 0.616406 0.014062 0.029687
1 0.308594 0.633594 0.014062 0.029687
1 0.361719 0.615625 0.014063 0.028125
1 0.140625 0.887500 0.021875 0.021875
