0 0.753125 0.524219 0.012500 0.020313
0 0.748437 0.503906 0.018750 0.020312
0 0.215625 0.746875 0.018750 0.031250
0 0.263281 0.482031 0.014063 0.017187
0 0.253125 0.542969 0.015625 0.017187
0 0.749219 0.514844 0.017188 0.017188
0 0.262500 0.485156 0.012500 0.010937
0 0.264062 0.475781 0.015625 0.026562
0 0.747656 0.510938 0.020312 0.025000
0 0.264062 0.470313 0.012500 0.015625
0 0.762500 0.564844 0.015625 0.029687
0 0.754687 0.574219 0.009375 0.026563
0 0.746094 0.525781 0.010938 0.032813
0 0.264844 0.467187 0.010937 0.009375
1 0.746875 0.485156 0.012500 0.017188
1 0.845312 0.821875 0.025000 0.021875
1 0.252344 0.561719 0.017187 0.020313
1 0.256250 0.523438 0.015625 0.021875
1 0.260156 0.497656 0.014063 0.014062
1 0.259375 0.499219 0.015625 0.014062
1 0.196875 0.739844 0.009375 0.035937
1 0.257031 0.519531 0.017187 0.026563
1 0.250781 0.581250 0.017188 0.028125
1 0.258594 0.507031 0.014062 0.010937
1 0.755469 0.548438 0.017188 0.028125
1 0.247656 0.563281 0.010937 0.020313
1 0.212500 0.728906 0.023438 0.023438
1 0.767188 0.605469 0.018750 0.051562
1 0.339062 0.536719 0.015625 0.029687
1 0.266406 0.735938 0.022656 0.041406
1 0.433594 0.733594 0.020312 0.029687
1 0.758594 0.541406 0.014062 0.014062
1 0.208594 0.762500 0.023438 0.040625
