0 0.253906 0.588281 0.007812 0.017188
0 0.205469 0.573438 0.017187 0.028125
0 0.142969 0.646094 0.023438 0.035937
0 0.278125 0.674219 0.022656 0.040625
0 0.342187 0.441406 0.013281 0.020313
0 0.360938 0.418750 0.012500 0.018750
0 0.299219 0.485938 0.014844 0.031250
0 0.139844 0.628906 0.023438 0.023438
0 0.028125 0.679688 0.028125 0.025000
0 0.615625 0.985156 0.025000 0.026562
0 0.300781 0.560937 0.014062 0.012500
0 0.321094 0.460938 0.010937 0.021875
0 0.311719 0.472656 0.010937 0.020312
0 0.282031 0.603906 0.007812 0.014062
0 0.307812 0.473437 0.009375 0.018750
0 0.370313 0.415625 0.012500 0.018750
0 0.305469 0.590625 0.010937 0.012500
0 0.332031 0.450000 0.014062 0.021875
0 0.023438 0.663281 0.028125 0.039062
0 0.441406 0.460156 0.014062 0.020313
0 0.472656 0.497656 0.007812 0.017187
0 0.315625 0.467187 0.009375 0.018750
0 0.909375 0.704687 0.021875 0.021875
0 0.690625 0.671875 0.025000 0.043750
0 0.352344 0.430469 0.013281 0.020313
1 0.754687 0.615625 0.018750 0.034375
1 0.369531 0.414844 0.010937 0.017188
1 0.683594 0.716406 0.023438 0.035937
1 0.022656 0.668750 0.032813 0.046875
1 0.332031 0.450000 0.010938 0.021875
1 0.513281 0.515625 0.014844 0.024219
1 0.360938 0.420312 0.012500 0.015625
1 0.671875 0.741406 0.006250 0.023438
1 0.015625 0.677344 0.018750 0.029687
1 0.298438 0.487500 0.012500 0.028125
1 0.023438 0.654688 0.028125 0.021875
1 0.117969 0.648438 0.023438 0.037500
1 0.205469 0.573438 0.017187 0.028125
1 0.677344 0.776563 0.010938 0.043750
1 0.139844 0.628906 0.023438 0.023438
1 0.021875 0.710156 0.031250 0.042187
1 0.352344 0.431250 0.012500 0.018750
1 0.682031 0.744531 0.017188 0.023438
1 0.482812 0.508594 0.012500 0.023437
1 0.689844 0.671875 0.023438 0.043750
