0 0.146875 0.865625 0.012500 0.018750
0 0.267969 0.671094 0.010937 0.023438
0 0.250781 0.719531 0.014063 0.035938
0 0.122656 0.864844 0.014063 0.017188
0 0.137500 0.864844 0.012500 0.017188
0 0.230469 0.832031 0.010937 0.029688
0 0.260156 0.689063 0.014063 0.018750
0 0.195312 0.840625 0.015625 0.018750
0 0.152344 0.864844 0.010937 0.017188
0 0.282813 0.757812 0.012500 0.025000
0 0.210156 0.842187 0.014844 0.021094
1 0.268750 0.671875 0.010937 0.025000
1 0.239063 0.782031 0.012500 0.026562
1 0.250781 0.717188 0.014063 0.025000
1 0.122656 0.864844 0.014063 0.017188
1 0.137500 0.865625 0.012500 0.015625
1 0.253125 0.694531 0.012500 0.023438
1 0.209375 0.842187 0.012500 0.018750
1 0.254688 0.720313 0.009375 0.028125
1 0.260156 0.689062 0.014063 0.021875
1 0.195312 0.840625 0.015625 0.018750
1 0.253906 0.701563 0.014062 0.021875
1 0.260937 0.670312 0.009375 0.018750
1 0.256250 0.707031 0.009375 0.020312
1 0.231250 0.830469 0.009375 0.026563
1 0.250000 0.721875 0.014844 0.028125
