0 0.200000 0.680469 0.012500 0.029687
0 0.688281 0.939063 0.019531 0.021094
0 0.384375 0.942969 0.028125 0.057813
0 0.557813 0.890625 0.018750 0.031250
0 0.208594 0.682813 0.014063 0.028125
0 0.564844 0.754687 0.026563 0.043750
0 0.217969 0.686719 0.014063 0.029687
1 0.560156 0.795313 0.026563 0.053125
1 0.512500 0.922656 0.031250 0.057812
1 0.077344 0.796094 0.029688 0.048438
1 0.286719 0.827344 0.023438 0.020313
1 0.119531 0.725781 0.026563 0.051563
1 0.279687 0.829688 0.009375 0.015625
1 0.442188 0.662500 0.025000 0.046875
1 0.369531 0.656250 0.023438 0.046875
