0 0.685156 0.563281 0.014062 0.014062
0 0.685937 0.572656 0.015625 0.026563
0 0.274219 0.608594 0.017188 0.029687
0 0.053125 0.806250 0.025000 0.034375
0 0.484375 0.484375 0.012500 0.012500
0 0.678906 0.560156 0.014062 0.023438
0 0.075781 0.721094 0.026563 0.042188
0 0.051562 0.806250 0.021875 0.034375
0 0.070312 0.787500 0.012500 0.018750
0 0.485938 0.466406 0.012500 0.020313
0 0.517188 0.520312 0.015625 0.025000
0 0.537500 0.507031 0.012500 0.020313
0 0.429688 0.315625 0.012500 0.021875
0 0.550000 0.514844 0.009375 0.020313
0 0.641406 0.548437 0.014062 0.025000
0 0.313281 0.510938 0.014062 0.021875
1 0.704687 0.685938 0.021875 0.037500
1 0.044531 0.730469 0.032812 0.032812
1 0.242969 0.604688 0.017188 0.031250
1 0.592969 0.548437 0.010937 0.025000
1 0.713281 0.741406 0.023438 0.045312
1 0.249219 0.725000 0.023438 0.037500
1 0.555469 0.856250 0.026562 0.053125
1 0.055469 0.743750 0.029687 0.043750
1 0.224219 0.611719 0.017187 0.029687
1 0.235156 0.628125 0.020312 0.031250
1 0.191406 0.632812 0.020313 0.031250
1 0.518750 0.520312 0.012500 0.025000
1 0.020312 0.773438 0.031250 0.040625
1 0.429688 0.315625 0.012500 0.021875
1 0.720312 0.713281 0.021875 0.042188
1 0.461719 0.345313 0.010937 0.021875
1 0.711719 0.593750 0.017188 0.028125
