0 0.685156 0.601562 0.014062 0.031250
0 0.841406 0.771094 0.017188 0.014062
0 0.841406 0.793750 0.014062 0.025000
0 0.626563 0.657031 0.015625 0.035938
0 0.306250 0.817187 0.021875 0.037500
0 0.556250 0.301562 0.015625 0.028125
0 0.275000 0.770312 0.018750 0.040625
0 0.326562 0.807031 0.017969 0.029687
0 0.223438 0.724219 0.015625 0.029687
0 0.656250 0.692187 0.012500 0.018750
0 0.683594 0.746875 0.017187 0.037500
1 0.842969 0.785156 0.017188 0.042188
1 0.829688 0.767187 0.018750 0.025000
1 0.662500 0.557813 0.018750 0.031250
1 0.717969 0.733594 0.017188 0.023438
1 0.260937 0.774219 0.006250 0.029687
1 0.248437 0.714844 0.015625 0.020312
1 0.307031 0.817969 0.022656 0.036719
1 0.285938 0.821875 0.021875 0.034375
1 0.296094 0.766406 0.020313 0.039062
1 0.673438 0.698438 0.019531 0.038281
1 0.858594 0.798438 0.020313 0.031250
1 0.610938 0.660937 0.012500 0.034375
1 0.700781 0.739062 0.017188 0.028125
1 0.593750 0.671094 0.026562 0.053125
1 0.604688 0.587500 0.018750 0.037500
1 0.642188 0.525781 0.018750 0.035937
1 0.266406 0.721875 0.020313 0.037500
