0 0.649219 0.547656 0.017188 0.020313
0 0.653906 0.541406 0.007812 0.010938
0 0.441406 0.482812 0.007812 0.018750
0 0.510156 0.496094 0.014062 0.020312
0 0.651563 0.552344 0.015625 0.026563
0 0.439844 0.339062 0.010937 0.025000
0 0.452344 0.484375 0.010937 0.021875
0 0.250781 0.535156 0.016406 0.029687
0 0.265625 0.519531 0.016406 0.024219
0 0.471094 0.470313 0.010937 0.009375
0 0.649219 0.539062 0.017188 0.018750
0 0.277344 0.505469 0.014062 0.020313
0 0.645312 0.544531 0.012500 0.014062
0 0.473437 0.477344 0.018750 0.026562
0 0.646094 0.536719 0.014844 0.018750
0 0.609375 0.529688 0.015625 0.025000
0 0.644531 0.552344 0.007812 0.017188
0 0.488281 0.514844 0.014062 0.014062
0 0.520312 0.500000 0.006250 0.021875
0 0.646875 0.532031 0.012500 0.010937
0 0.647656 0.538281 0.014062 0.017188
1 0.657031 0.599219 0.017188 0.029687
1 0.183594 0.511719 0.010937 0.023438
1 0.277344 0.504687 0.014062 0.018750
1 0.375000 0.283594 0.012500 0.023438
1 0.452344 0.485156 0.012500 0.021875
1 0.250781 0.534375 0.014063 0.025000
1 0.686719 0.684375 0.020313 0.037500
1 0.671875 0.662500 0.018750 0.037500
1 0.679688 0.714844 0.021875 0.042188
1 0.676562 0.571094 0.015625 0.029687
