0 0.367969 0.439844 0.010937 0.014063
0 0.727344 0.610938 0.020313 0.028125
0 0.757812 0.459375 0.021875 0.025000
0 0.064844 0.657031 0.023438 0.026562
0 0.325781 0.481250 0.014063 0.025000
0 0.804688 0.603906 0.015625 0.032813
0 0.803906 0.580469 0.020313 0.026563
0 0.341406 0.464844 0.007812 0.017188
0 0.333594 0.471875 0.010937 0.025000
0 0.347656 0.460156 0.010938 0.020313
0 0.732031 0.467187 0.020312 0.037500
0 0.468750 0.927344 0.031250 0.067187
0 0.840625 0.407031 0.018750 0.029687
0 0.337500 0.467187 0.009375 0.018750
1 0.885938 0.378125 0.025000 0.025000
1 0.757031 0.458594 0.020313 0.023438
1 0.503906 0.570312 0.017187 0.021875
1 0.696875 0.594531 0.018750 0.039062
1 0.066406 0.635156 0.026562 0.035937
1 0.803125 0.581250 0.018750 0.025000
1 0.357812 0.448438 0.012500 0.018750
1 0.325781 0.482812 0.014063 0.021875
1 0.856250 0.371875 0.021875 0.028125
1 0.722656 0.636719 0.020312 0.029688
1 0.142188 0.642188 0.021875 0.031250
1 0.356250 0.510156 0.014844 0.028125
1 0.160156 0.630469 0.020313 0.032813
1 0.719531 0.662500 0.026562 0.037500
1 0.303906 0.528125 0.014062 0.025000
1 0.784375 0.578906 0.018750 0.029687
