0 0.223438 0.607031 0.031250 0.054688
0 0.268750 0.341406 0.009375 0.023438
0 0.261719 0.339844 0.023438 0.029687
0 0.110937 0.626563 0.025000 0.043750
0 0.223438 0.463281 0.018750 0.032812
0 0.003125 0.392969 0.006250 0.017187
0 0.082813 0.870313 0.050000 0.056250
0 0.226562 0.471094 0.009375 0.017187
0 0.131250 0.861719 0.046875 0.067187
0 0.264844 0.321094 0.020313 0.032813
0 0.200781 0.504687 0.023438 0.040625
0 0.256250 0.332813 0.014844 0.019531
0 0.256250 0.324219 0.012500 0.032813
0 0.262500 0.328906 0.025000 0.048438
0 0.268750 0.332812 0.012500 0.043750
0 0.228906 0.503125 0.026562 0.043750
0 0.270313 0.322656 0.009375 0.029688
0 0.260156 0.316406 0.017187 0.026563
1 0.837500 0.287500 0.012500 0.034375
1 0.174219 0.842187 0.042187 0.078125
1 0.242969 0.410938 0.023438 0.025000
1 0.254688 0.361719 0.028125 0.039062
1 0.241406 0.387500 0.014063 0.025000
1 0.100781 0.832031 0.045313 0.057813
1 0.236719 0.437500 0.026562 0.040625
1 0.252344 0.374219 0.023437 0.026562
1 0.246875 0.395312 0.025000 0.034375
1 0.256250 0.354687 0.025000 0.025000
