0 0.375781 0.697656 0.032813 0.014062
0 0.023438 0.346094 0.046875 0.035938
0 0.441406 0.549219 0.026563 0.010938
0 0.179688 0.317187 0.050000 0.028125
0 0.517188 0.588281 0.018750 0.014062
0 0.495312 0.610938 0.018750 0.015625
0 0.295312 0.300000 0.040625 0.021875
0 0.507031 0.600000 0.020313 0.012500
1 0.498437 0.505469 0.018750 0.010938
1 0.375781 0.696875 0.032813 0.015625
1 0.040625 0.377344 0.065625 0.032812
1 0.196875 0.342187 0.050000 0.025000
1 0.282813 0.277344 0.040625 0.023438
1 0.506250 0.600000 0.018750 0.012500
1 0.157813 0.289062 0.056250 0.031250
1 0.482812 0.622656 0.018750 0.014062
1 0.075781 0.404687 0.060937 0.031250
1 0.517188 0.589063 0.018750 0.012500
1 0.367969 0.691406 0.023438 0.007812
1 0.496094 0.610938 0.020312 0.015625
1 0.269531 0.253906 0.042188 0.026563
1 0.685938 0.500781 0.021875 0.014062
1 0.450781 0.562500 0.029688 0.018750
1 0.485938 0.621875 0.018750 0.015625
1 0.321875 0.779688 0.037500 0.021875
