0 0.359375 0.425781 0.018750 0.023438
0 0.100781 0.434375 0.017187 0.018750
0 0.034375 0.694531 0.025000 0.020313
0 0.742969 0.718750 0.025781 0.025781
0 0.010156 0.696094 0.020313 0.023438
0 0.772656 0.715625 0.010937 0.012500
0 0.093750 0.666406 0.025000 0.042188
0 0.190625 0.423438 0.018750 0.031250
0 0.100781 0.453125 0.020312 0.021875
0 0.754687 0.709375 0.009375 0.018750
0 0.008594 0.710156 0.017188 0.020313
0 0.710938 0.709375 0.021875 0.018750
0 0.060156 0.674219 0.028125 0.050000
0 0.716406 0.716406 0.023438 0.026563
0 0.430469 0.387500 0.010937 0.015625
0 0.736719 0.707812 0.023438 0.018750
1 0.411719 0.684375 0.023438 0.037500
1 0.647656 0.444531 0.010937 0.017188
1 0.742969 0.719531 0.023438 0.023438
1 0.659375 0.449219 0.012500 0.023438
1 0.060156 0.674219 0.023437 0.048438
1 0.651563 0.456250 0.009375 0.025000
1 0.008594 0.710156 0.017188 0.020313
1 0.338281 0.558594 0.010937 0.029688
1 0.100781 0.435156 0.017187 0.020313
1 0.753906 0.708594 0.007812 0.017188
1 0.032031 0.708594 0.026562 0.020312
1 0.647656 0.436719 0.010937 0.023438
1 0.381250 0.629687 0.009375 0.009375
1 0.728906 0.672656 0.026563 0.026562
1 0.664844 0.488281 0.017188 0.029688
1 0.099219 0.480469 0.020312 0.039062
1 0.663281 0.492188 0.014062 0.031250
1 0.735937 0.707031 0.021875 0.017187
1 0.651563 0.421094 0.015625 0.023438
1 0.716406 0.717188 0.023438 0.025000
1 0.647656 0.432812 0.014062 0.025000
1 0.649219 0.423438 0.017188 0.021875
1 0.659375 0.439844 0.012500 0.023438
1 0.214844 0.525781 0.020313 0.039062
