0 0.513281 0.501562 0.010938 0.021875
0 0.630469 0.626563 0.017188 0.031250
0 0.245312 0.608594 0.015625 0.029687
0 0.523438 0.508594 0.012500 0.020313
0 0.660937 0.630469 0.012500 0.042188
0 0.192969 0.686719 0.023438 0.035938
0 0.157031 0.602344 0.020312 0.035938
0 0.325000 0.528906 0.012500 0.023438
0 0.029687 0.374219 0.015625 0.032813
0 0.598437 0.760156 0.021875 0.045312
1 0.263281 0.719531 0.023438 0.039062
1 0.157031 0.602344 0.020312 0.032813
1 0.174219 0.685156 0.020313 0.037500
1 0.661719 0.632031 0.010938 0.035938
1 0.276562 0.611719 0.015625 0.026563
1 0.221094 0.675000 0.020313 0.031250
1 0.337500 0.536719 0.012500 0.023438
1 0.513281 0.500781 0.010938 0.020313
1 0.214062 0.696094 0.021875 0.039062
1 0.582812 0.529688 0.012500 0.025000
1 0.260156 0.610937 0.014063 0.025000
