0 0.757812 0.658594 0.015625 0.023438
0 0.827344 0.974219 0.027344 0.033594
0 0.758594 0.682031 0.014062 0.020312
0 0.851562 0.978906 0.021875 0.023438
0 0.767188 0.681250 0.012500 0.018750
0 0.843750 0.965625 0.016406 0.023438
0 0.306250 0.926562 0.019531 0.030469
0 0.357031 0.925000 0.020313 0.031250
0 0.860156 0.964063 0.017188 0.018750
0 0.347656 0.943750 0.017188 0.015625
0 0.767969 0.700000 0.014062 0.021875
0 0.758594 0.687500 0.010156 0.023438
0 0.763281 0.704687 0.007812 0.025000
0 0.312500 0.937500 0.018750 0.025000
0 0.868750 0.976562 0.013281 0.028906
0 0.307812 0.945312 0.015625 0.012500
0 0.512500 0.803125 0.015625 0.031250
0 0.758594 0.670312 0.014062 0.015625
0 0.755469 0.935156 0.020312 0.023438
0 0.752344 0.664062 0.007812 0.015625
0 0.773438 0.712500 0.015625 0.015625
0 0.775000 0.729688 0.015625 0.021875
0 0.799219 0.962500 0.017188 0.018750
1 0.312500 0.936719 0.018750 0.023438
1 0.773438 0.712500 0.015625 0.017969
1 0.789062 0.754687 0.015625 0.031250
1 0.638281 0.713281 0.014062 0.026563
1 0.306250 0.927344 0.018750 0.029687
1 0.827344 0.974219 0.023438 0.029687
1 0.787500 0.770312 0.015625 0.031250
1 0.843750 0.966406 0.015625 0.023438
1 0.277344 0.981250 0.020312 0.021875
1 0.315625 0.740625 0.015625 0.015625
1 0.315625 0.780469 0.018750 0.032813
1 0.460156 0.717187 0.014062 0.028125
1 0.784375 0.747656 0.015625 0.026563
1 0.776563 0.746094 0.012500 0.026563
1 0.775000 0.750781 0.009375 0.026562
1 0.851562 0.978906 0.021875 0.023438
1 0.369531 0.937500 0.020313 0.025000
1 0.315625 0.757031 0.018750 0.017188
1 0.766406 0.679688 0.010937 0.015625
1 0.868750 0.975781 0.012500 0.026562
1 0.784375 0.742969 0.009375 0.020313
1 0.775000 0.757031 0.009375 0.029687
1 0.799219 0.962500 0.017188 0.018750
1 0.754687 0.934375 0.018750 0.021875
1 0.368750 0.938281 0.021875 0.026562
1 0.589063 0.932813 0.018750 0.028125
1 0.758594 0.686719 0.007812 0.023438
1 0.773438 0.741406 0.009375 0.023438
1 0.307813 0.944531 0.018750 0.014062
