0 0.339844 0.656250 0.017188 0.025000
0 0.679688 0.571875 0.015625 0.031250
0 0.825000 0.747656 0.006250 0.020312
0 0.331250 0.617969 0.019531 0.033594
0 0.822656 0.743750 0.010938 0.028125
0 0.258594 0.493750 0.014062 0.015625
0 0.225781 0.700000 0.020312 0.015625
0 0.798437 0.700000 0.021875 0.034375
0 0.254688 0.536719 0.015625 0.017188
0 0.253125 0.558594 0.018750 0.029688
0 0.222656 0.735938 0.023438 0.034375
0 0.292969 0.442969 0.017188 0.029688
0 0.825000 0.747656 0.006250 0.023438
0 0.526563 0.560156 0.013281 0.032031
0 0.536719 0.471875 0.010938 0.021875
0 0.226562 0.716406 0.018750 0.023438
0 0.741406 0.548438 0.017188 0.031250
1 0.261719 0.464063 0.010938 0.012500
1 0.822656 0.742969 0.010938 0.026562
1 0.645312 0.572656 0.015625 0.029687
1 0.258594 0.476562 0.014062 0.015625
1 0.227344 0.700000 0.020312 0.015625
1 0.320312 0.656250 0.018750 0.025000
1 0.798438 0.700781 0.018750 0.032813
1 0.222656 0.735156 0.023438 0.035938
1 0.257031 0.507812 0.014062 0.015625
1 0.301562 0.656250 0.018750 0.025000
1 0.311719 0.617969 0.017188 0.032813
1 0.687500 0.614062 0.018750 0.034375
1 0.253906 0.557813 0.017188 0.028125
1 0.345313 0.610938 0.009375 0.018750
1 0.698438 0.692969 0.018750 0.035937
1 0.661719 0.571094 0.017188 0.029687
1 0.255469 0.520312 0.014063 0.015625
1 0.752344 0.640625 0.017188 0.034375
