0 0.724219 0.613281 0.017188 0.026563
0 0.648438 0.546875 0.006250 0.015625
0 0.371094 0.435937 0.010938 0.018750
0 0.715625 0.663281 0.021875 0.039062
0 0.330469 0.474219 0.010937 0.017187
0 0.710938 0.686719 0.028125 0.039062
0 0.360938 0.444531 0.012500 0.017188
0 0.148438 0.632812 0.021875 0.037500
0 0.352344 0.454688 0.010937 0.018750
0 0.125781 0.619531 0.014063 0.023438
0 0.146875 0.607812 0.012500 0.015625
0 0.380469 0.426563 0.012500 0.020313
0 0.318750 0.485938 0.012500 0.025000
0 0.340625 0.464063 0.012500 0.018750
0 0.623438 0.992969 0.021875 0.010937
1 0.565625 0.493750 0.009375 0.021875
1 0.761719 0.303906 0.014844 0.014844
1 0.125781 0.617969 0.014063 0.026562
1 0.354688 0.515625 0.012500 0.021875
1 0.710938 0.685937 0.025000 0.034375
1 0.030469 0.674219 0.026562 0.039062
1 0.318750 0.485156 0.012500 0.023438
1 0.664062 0.712500 0.021875 0.040625
1 0.371094 0.435156 0.010938 0.017187
1 0.380469 0.425781 0.010937 0.017188
1 0.724219 0.613281 0.017188 0.026563
1 0.296094 0.531250 0.014062 0.025000
1 0.352344 0.453906 0.010937 0.017188
1 0.146875 0.607812 0.012500 0.015625
1 0.642969 0.977344 0.023438 0.042187
1 0.719531 0.634375 0.020313 0.025000
