0 0.735938 0.516406 0.018750 0.039062
0 0.729688 0.254687 0.015625 0.034375
0 0.317188 0.451562 0.015625 0.028125
0 0.052344 0.623438 0.026563 0.037500
0 0.374219 0.479687 0.010937 0.025000
0 0.133594 0.591406 0.021875 0.035156
0 0.640625 0.907813 0.028125 0.065625
0 0.287500 0.542188 0.012500 0.012500
0 0.329688 0.439063 0.012500 0.018750
0 0.340625 0.431250 0.012500 0.018750
0 0.632031 0.834375 0.029687 0.059375
0 0.383594 0.483594 0.010937 0.023438
0 0.546875 0.444531 0.012500 0.020313
0 0.656250 0.605469 0.018750 0.035937
1 0.862500 0.330469 0.021875 0.014063
1 0.677344 0.244531 0.017188 0.032812
1 0.570312 0.502344 0.012500 0.029688
1 0.713281 0.625000 0.026563 0.037500
1 0.392188 0.488281 0.012500 0.026563
1 0.461719 0.712500 0.023438 0.046875
1 0.546094 0.444531 0.010937 0.020313
1 0.317187 0.451562 0.012500 0.025000
1 0.113281 0.590625 0.020313 0.031250
1 0.665625 0.827344 0.021875 0.039062
1 0.775781 0.282813 0.020312 0.028125
1 0.384375 0.484375 0.009375 0.021875
1 0.545312 0.496875 0.012500 0.021875
1 0.636719 0.595313 0.020312 0.034375
1 0.489844 0.421875 0.004688 0.018750
1 0.656250 0.864062 0.021875 0.037500
1 0.542969 0.828125 0.020312 0.037500
1 0.574219 0.817187 0.029688 0.056250
1 0.618750 0.588281 0.018750 0.032813
1 0.663281 0.683594 0.023438 0.042188
1 0.717188 0.594531 0.021875 0.032813
