0 0.325781 0.880469 0.017187 0.020312
0 0.367969 0.714844 0.017188 0.026563
0 0.371875 0.683594 0.011719 0.017969
0 0.314844 0.878125 0.010937 0.018750
0 0.642187 0.875000 0.006250 0.021875
0 0.374219 0.688281 0.010937 0.017188
0 0.350781 0.761719 0.014062 0.029688
0 0.353125 0.742969 0.015625 0.020313
0 0.746094 0.880469 0.010938 0.023438
0 0.240625 0.895312 0.015625 0.018750
0 0.367188 0.696875 0.009375 0.018750
0 0.353906 0.732031 0.010937 0.029687
0 0.364844 0.708594 0.014063 0.020312
0 0.367188 0.705469 0.017188 0.023438
0 0.375000 0.678906 0.009375 0.014062
0 0.361719 0.731250 0.010937 0.018750
0 0.375000 0.696875 0.009375 0.018750
0 0.356250 0.728125 0.012500 0.025000
0 0.369531 0.717188 0.010937 0.021875
0 0.371094 0.686719 0.010938 0.020313
0 0.305469 0.876563 0.014062 0.018750
0 0.363281 0.718750 0.010938 0.018750
0 0.369531 0.691406 0.010937 0.017187
0 0.380469 0.680469 0.010937 0.017188
0 0.375000 0.690625 0.009375 0.015625
0 0.253125 0.895312 0.012500 0.018750
0 0.503906 0.715625 0.010937 0.018750
0 0.353906 0.743750 0.017187 0.021875
1 0.375000 0.695312 0.009375 0.015625
1 0.369531 0.718750 0.010937 0.025000
1 0.346094 0.757031 0.010937 0.023438
1 0.688281 0.843750 0.014062 0.025000
1 0.369531 0.707812 0.014063 0.015625
1 0.373437 0.690625 0.013281 0.017969
1 0.225781 0.892969 0.017187 0.020312
1 0.352344 0.742969 0.014062 0.020313
1 0.354687 0.760156 0.012500 0.026562
1 0.240625 0.895312 0.015625 0.018750
1 0.366406 0.702344 0.010937 0.020313
1 0.364844 0.711719 0.014063 0.017188
1 0.367188 0.700000 0.009375 0.018750
1 0.357812 0.753906 0.009375 0.023438
1 0.338281 0.820312 0.014063 0.025000
1 0.350781 0.760938 0.014062 0.025000
1 0.361719 0.731250 0.007812 0.018750
1 0.307031 0.876563 0.017187 0.018750
1 0.374219 0.696875 0.010937 0.015625
1 0.354688 0.735938 0.012500 0.018750
1 0.695312 0.942969 0.015625 0.017188
1 0.368750 0.717969 0.009375 0.020313
1 0.375781 0.701562 0.007812 0.012500
1 0.363281 0.717969 0.010938 0.020313
1 0.360156 0.747656 0.007812 0.017188
1 0.370313 0.785937 0.012500 0.021875
1 0.376563 0.693750 0.009375 0.015625
1 0.407813 0.890625 0.015625 0.028125
1 0.379688 0.681250 0.009375 0.015625
1 0.374219 0.689844 0.010937 0.014062
1 0.315625 0.878125 0.009375 0.018750
