0 0.350000 0.791406 0.012500 0.023438
0 0.687500 0.963281 0.012500 0.014062
0 0.489063 0.879687 0.021875 0.056250
0 0.258594 0.952344 0.007812 0.010937
0 0.286719 0.882031 0.014063 0.026562
0 0.691406 0.964844 0.014063 0.017187
0 0.367188 0.715625 0.009375 0.025000
0 0.250000 0.957812 0.012500 0.018750
0 0.703125 0.836719 0.012500 0.023438
0 0.649219 0.918750 0.014062 0.018750
0 0.678125 0.991406 0.015625 0.014062
0 0.432812 0.873438 0.015625 0.025000
0 0.662500 0.574219 0.012500 0.020312
0 0.303125 0.878906 0.015625 0.026563
0 0.702344 0.818750 0.010937 0.012500
0 0.677344 0.983594 0.014062 0.010937
1 0.250000 0.958594 0.012500 0.017188
1 0.700000 0.698438 0.012500 0.012500
1 0.332031 0.871875 0.014844 0.027344
1 0.257812 0.952344 0.009375 0.010937
1 0.303125 0.878906 0.015625 0.026563
1 0.403125 0.808594 0.012500 0.023438
1 0.703125 0.836719 0.012500 0.024219
1 0.610156 0.739062 0.010937 0.021875
1 0.218750 0.955469 0.012500 0.017188
1 0.316406 0.889062 0.014062 0.018750
1 0.232813 0.956250 0.012500 0.015625
1 0.367188 0.714844 0.009375 0.023438
1 0.701562 0.790625 0.012500 0.028125
1 0.690625 0.964844 0.015625 0.017187
1 0.243750 0.933594 0.015625 0.010938
1 0.229687 0.932031 0.012500 0.010938
1 0.702344 0.817969 0.010937 0.014062
1 0.678125 0.989844 0.015625 0.017188
1 0.350000 0.790625 0.012500 0.021875
1 0.649219 0.917969 0.014062 0.017187
1 0.656250 0.897656 0.012500 0.026562
1 0.661719 0.573438 0.010938 0.018750
1 0.677344 0.983594 0.014062 0.010937
