0 0.835938 0.764844 0.012500 0.026562
0 0.386719 0.602344 0.014062 0.017188
0 0.386719 0.617969 0.014062 0.014062
0 0.385937 0.632812 0.017969 0.017969
0 0.385937 0.647656 0.015625 0.017188
0 0.846875 0.612500 0.015625 0.021875
0 0.796875 0.682031 0.015625 0.029687
0 0.378906 0.812500 0.017188 0.021875
0 0.375000 0.825781 0.018750 0.023438
1 0.760156 0.681250 0.014062 0.031250
1 0.103906 0.526563 0.017188 0.028125
1 0.462500 0.645312 0.015625 0.031250
1 0.438281 0.728906 0.017188 0.032813
1 0.450000 0.721094 0.015625 0.032813
1 0.835938 0.764844 0.012500 0.026562
1 0.386719 0.617969 0.014062 0.017188
1 0.836719 0.603125 0.007812 0.018750
1 0.845313 0.593750 0.012500 0.015625
1 0.858594 0.653906 0.017188 0.032813
1 0.455469 0.771094 0.014063 0.029687
1 0.378906 0.766406 0.017188 0.032813
1 0.381250 0.833594 0.015625 0.014062
1 0.924219 0.810938 0.014062 0.021875
1 0.385156 0.670312 0.017187 0.031250
1 0.933594 0.818750 0.014063 0.015625
1 0.775000 0.688281 0.019531 0.033594
1 0.378125 0.812500 0.018750 0.021875
1 0.708594 0.597656 0.014062 0.026563
1 0.375000 0.825000 0.019531 0.024219
1 0.847656 0.630469 0.010938 0.023438
1 0.780469 0.678125 0.014062 0.028125
1 0.853125 0.625000 0.015625 0.021875
1 0.380469 0.833594 0.017187 0.014062
