0 0.404687 0.746094 0.018750 0.017187
0 0.317969 0.728906 0.010937 0.007812
0 0.378125 0.757812 0.025000 0.012500
0 0.446094 0.551562 0.023438 0.012500
0 0.266406 0.117969 0.032813 0.029688
0 0.364844 0.769531 0.032812 0.020312
0 0.350781 0.753125 0.023438 0.009375
0 0.449219 0.540625 0.023438 0.009375
0 0.240625 0.125000 0.034375 0.031250
0 0.325781 0.728906 0.023438 0.010938
0 0.392969 0.764062 0.026562 0.018750
0 0.451562 0.792969 0.025000 0.017187
0 0.607812 0.712500 0.015625 0.009375
1 0.389844 0.778906 0.023438 0.014062
1 0.151562 0.150781 0.046875 0.026562
1 0.475781 0.570312 0.023438 0.012500
1 0.185938 0.141406 0.034375 0.026563
1 0.411719 0.782031 0.023438 0.014062
1 0.334375 0.798437 0.037500 0.021875
1 0.451562 0.792969 0.025000 0.017187
1 0.394531 0.762500 0.023438 0.021875
1 0.213281 0.135156 0.029688 0.026563
1 0.446094 0.550781 0.023438 0.014063
1 0.449219 0.541406 0.023438 0.010938
1 0.363281 0.769531 0.029687 0.020312
1 0.344531 0.813281 0.035938 0.020313
