0 0.696094 0.792188 0.020313 0.040625
0 0.777344 0.704687 0.017187 0.021875
0 0.428906 0.717187 0.007812 0.012500
0 0.225000 0.656250 0.015625 0.018750
0 0.212500 0.807031 0.021875 0.026563
0 0.757812 0.401562 0.018750 0.031250
0 0.442188 0.817187 0.021875 0.040625
0 0.682813 0.842969 0.021875 0.035938
0 0.290625 0.709375 0.018750 0.034375
0 0.221875 0.877344 0.021875 0.023438
1 0.418750 0.625000 0.015625 0.031250
1 0.728125 0.849219 0.021875 0.035937
1 0.717187 0.795313 0.018750 0.040625
1 0.188281 0.857031 0.020312 0.042188
1 0.264062 0.806250 0.018750 0.034375
1 0.304688 0.721094 0.018750 0.035937
1 0.263281 0.482031 0.017187 0.017187
1 0.222656 0.680469 0.020313 0.032813
1 0.244531 0.804688 0.020313 0.034375
1 0.674219 0.791406 0.020312 0.039062
1 0.705469 0.845313 0.020312 0.034375
1 0.228125 0.846094 0.021875 0.026563
1 0.675781 0.655469 0.017187 0.032813
1 0.696094 0.425781 0.020313 0.035937
