0 0.656250 0.392188 0.015625 0.028125
0 0.799219 0.710938 0.032813 0.053125
0 0.751563 0.357031 0.015625 0.020313
0 0.296875 0.346875 0.015625 0.021875
0 0.835156 0.720313 0.036719 0.051562
0 0.753906 0.356250 0.014063 0.018750
0 0.641406 0.385156 0.014062 0.023438
0 0.758594 0.438281 0.023438 0.026562
0 0.742188 0.360156 0.009375 0.026562
0 0.756250 0.414062 0.021875 0.028125
0 0.255469 0.408594 0.017187 0.029688
0 0.747656 0.421094 0.007812 0.023438
0 0.652344 0.657813 0.026563 0.046875
0 0.754687 0.398438 0.021875 0.028125
0 0.749219 0.359375 0.020313 0.025000
0 0.809375 0.621875 0.031250 0.050000
0 0.767187 0.502344 0.025000 0.029688
1 0.751562 0.378906 0.021875 0.026563
1 0.654687 0.392969 0.015625 0.026562
1 0.267188 0.390625 0.015625 0.025000
1 0.321875 0.310156 0.015625 0.026562
1 0.769531 0.532812 0.026563 0.037500
1 0.319531 0.318750 0.014062 0.025000
1 0.707812 0.544531 0.021875 0.039062
1 0.277344 0.375781 0.017188 0.023438
1 0.481250 0.346094 0.012500 0.021875
1 0.509375 0.351562 0.015625 0.025000
1 0.288281 0.362500 0.014062 0.025000
1 0.778906 0.617969 0.026563 0.045312
1 0.308594 0.329688 0.017188 0.028125
1 0.493750 0.350781 0.012500 0.023438
1 0.808594 0.621875 0.029688 0.046875
1 0.309375 0.325781 0.018750 0.032812
1 0.761719 0.458594 0.023438 0.026562
1 0.325781 0.309375 0.010937 0.021875
1 0.576562 0.389062 0.012500 0.025000
1 0.563281 0.371094 0.014062 0.023438
1 0.764063 0.480469 0.025000 0.029687
