0 0.585938 0.578125 0.018750 0.037500
0 0.717969 0.762500 0.014062 0.018750
0 0.153125 0.700000 0.021875 0.034375
0 0.613281 0.631250 0.018750 0.035937
1 0.520312 0.600781 0.015625 0.029687
1 0.613281 0.628906 0.017187 0.039062
1 0.566406 0.541406 0.014063 0.020312
1 0.339844 0.603906 0.017188 0.029687
1 0.132812 0.701562 0.012500 0.031250
1 0.572656 0.552344 0.017188 0.029687
1 0.564063 0.532031 0.015625 0.029687
1 0.692187 0.812500 0.028125 0.021875
1 0.200000 0.860938 0.021875 0.028125
1 0.164062 0.605469 0.015625 0.051562
1 0.586719 0.578906 0.017188 0.039062
1 0.598437 0.606250 0.015625 0.037500
1 0.717969 0.762500 0.014062 0.018750
1 0.705469 0.785156 0.010938 0.026563
1 0.164844 0.592969 0.014063 0.026562
1 0.685156 0.814063 0.017188 0.018750
1 0.705469 0.761719 0.014062 0.020312
