0 0.560156 0.421094 0.014062 0.023438
0 0.451562 0.503125 0.017969 0.024219
0 0.796875 0.689063 0.031250 0.046875
0 0.010156 0.825000 0.020313 0.043750
0 0.828125 0.685937 0.031250 0.059375
0 0.278906 0.967969 0.039062 0.060937
0 0.763281 0.638281 0.026563 0.045312
0 0.292187 0.434375 0.015625 0.021875
0 0.771094 0.540625 0.023438 0.031250
0 0.821875 0.657812 0.028125 0.037500
0 0.653906 0.437500 0.014062 0.028125
0 0.641406 0.431250 0.014062 0.025000
0 0.789844 0.657031 0.029687 0.035938
1 0.812500 0.952344 0.043750 0.076562
1 0.775000 0.568750 0.025000 0.037500
1 0.260156 0.484375 0.014063 0.034375
1 0.507031 0.408594 0.014062 0.023438
1 0.282813 0.450000 0.015625 0.025000
1 0.492188 0.409375 0.015625 0.021875
1 0.300000 0.510938 0.015625 0.028125
1 0.511719 0.410156 0.010938 0.023438
1 0.272656 0.467187 0.014062 0.028125
1 0.653906 0.435937 0.014062 0.025000
1 0.714844 0.650781 0.026563 0.045312
1 0.559375 0.421094 0.012500 0.023438
1 0.728125 0.635156 0.025000 0.042188
