0 0.771875 0.775000 0.016406 0.021875
0 0.446875 0.976562 0.021875 0.018750
0 0.096094 0.971094 0.020312 0.051562
0 0.325781 0.967969 0.014063 0.023438
0 0.767969 0.800000 0.007812 0.031250
0 0.189844 0.985937 0.007812 0.025000
0 0.759375 0.970313 0.019531 0.021875
0 0.546094 0.970313 0.020313 0.034375
1 0.772656 0.775781 0.014062 0.023438
1 0.737500 0.975000 0.021875 0.031250
1 0.214844 0.763281 0.020313 0.039062
1 0.664062 0.984375 0.016406 0.025781
1 0.260156 0.836719 0.020313 0.039062
1 0.732031 0.760938 0.020312 0.034375
1 0.170313 0.929688 0.018750 0.012500
1 0.480469 0.968750 0.014062 0.031250
1 0.189844 0.985937 0.007812 0.025000
