0 0.758594 0.789062 0.014062 0.018750
0 0.405469 0.915625 0.020313 0.037500
0 0.760156 0.828125 0.017188 0.021875
0 0.640625 0.796094 0.018750 0.032813
0 0.760156 0.810156 0.017188 0.020312
1 0.669531 0.775781 0.017188 0.032813
1 0.189844 0.902344 0.020313 0.039062
1 0.171875 0.985156 0.021875 0.026562
1 0.216406 0.785937 0.007812 0.025000
1 0.209375 0.782813 0.018750 0.031250
1 0.209375 0.920313 0.021875 0.040625
1 0.207031 0.776563 0.014062 0.018750
1 0.200781 0.819531 0.020313 0.032813
1 0.204687 0.796094 0.015625 0.020313
1 0.638281 0.770312 0.017188 0.025000
1 0.758594 0.789844 0.014062 0.020313
1 0.396094 0.755469 0.017187 0.032813
1 0.375000 0.992188 0.009375 0.012500
