0 0.360156 0.428125 0.010937 0.025000
0 0.664062 0.710156 0.015625 0.023438
0 0.662500 0.403906 0.012500 0.020313
0 0.477344 0.982812 0.017188 0.031250
0 0.380469 0.217969 0.013281 0.023438
0 0.300000 0.416406 0.012500 0.023438
0 0.307813 0.517969 0.012500 0.023438
0 0.626563 0.352344 0.012500 0.023438
0 0.490625 0.149219 0.013281 0.025000
0 0.620313 0.178906 0.012500 0.023438
0 0.662500 0.380469 0.012500 0.020313
1 0.385156 0.728125 0.014063 0.028125
1 0.304688 0.562500 0.012500 0.025000
1 0.663281 0.403906 0.010937 0.020313
1 0.661719 0.310937 0.010938 0.021875
1 0.299219 0.632812 0.014063 0.025000
1 0.298438 0.129688 0.012500 0.021875
1 0.636719 0.700000 0.015625 0.028906
1 0.442187 0.362500 0.012500 0.025000
1 0.344531 0.532813 0.014063 0.026562
1 0.297656 0.164062 0.014062 0.021875
1 0.305469 0.603906 0.014844 0.026562
1 0.389062 0.169531 0.012500 0.023438
1 0.524219 0.982812 0.017188 0.031250
1 0.314063 0.078125 0.012500 0.025000
1 0.298438 0.082812 0.012500 0.025000
1 0.632031 0.258594 0.013281 0.024219
1 0.500781 0.982812 0.017188 0.031250
1 0.589063 0.134375 0.012500 0.021875
1 0.324219 0.647656 0.014062 0.026562
1 0.661719 0.334375 0.010938 0.021875
1 0.376563 0.240625 0.012500 0.021875
1 0.661719 0.357812 0.010938 0.021875
