0 0.660937 0.437500 0.012500 0.021875
0 0.658594 0.296875 0.010938 0.021875
0 0.155469 0.496094 0.014063 0.020312
0 0.325000 0.228906 0.009375 0.020313
0 0.500781 0.982812 0.017188 0.031250
0 0.287500 0.429688 0.012500 0.025000
0 0.348438 0.236719 0.015625 0.023438
0 0.289844 0.207813 0.014062 0.021875
0 0.667969 0.674219 0.014063 0.023438
0 0.653125 0.748438 0.012500 0.025000
0 0.285938 0.470313 0.015625 0.021875
0 0.460938 0.300781 0.012500 0.023438
0 0.660937 0.414062 0.012500 0.021875
1 0.476562 0.982812 0.018750 0.031250
1 0.660937 0.366406 0.012500 0.023438
1 0.288281 0.135937 0.014062 0.028125
1 0.342187 0.382031 0.012500 0.023438
1 0.660937 0.389844 0.012500 0.020313
1 0.903906 0.687500 0.014062 0.021875
1 0.286719 0.470313 0.014063 0.021875
1 0.578125 0.179688 0.012500 0.021875
1 0.692969 0.443750 0.010938 0.028125
1 0.275000 0.469531 0.009375 0.020313
1 0.280469 0.261719 0.015625 0.028906
1 0.660156 0.321094 0.010938 0.023438
1 0.486719 0.579687 0.014063 0.025000
1 0.658594 0.272656 0.010938 0.023438
1 0.660156 0.343750 0.010938 0.021875
1 0.524219 0.982812 0.017188 0.031250
1 0.658594 0.248438 0.010938 0.021875
1 0.325000 0.285156 0.014063 0.023438
