0 0.661719 0.436719 0.010938 0.023438
0 0.287500 0.438281 0.012500 0.023438
0 0.351562 0.184375 0.012500 0.021875
0 0.289062 0.336719 0.012500 0.023438
0 0.415625 0.717969 0.012500 0.017188
0 0.500781 0.982812 0.017188 0.031250
0 0.285938 0.470313 0.015625 0.021875
0 0.425000 0.357812 0.012500 0.021875
0 0.287500 0.400781 0.013281 0.025781
0 0.667188 0.674219 0.012500 0.023438
0 0.621875 0.555469 0.012500 0.023438
0 0.508594 0.452344 0.017188 0.029687
1 0.449219 0.584375 0.014062 0.028125
1 0.476562 0.982812 0.018750 0.031250
1 0.448437 0.516406 0.014844 0.025000
1 0.661719 0.561719 0.014062 0.023438
1 0.621875 0.335938 0.012500 0.021875
1 0.553125 0.167187 0.012500 0.021875
1 0.275781 0.471094 0.007812 0.020313
1 0.436719 0.556250 0.014062 0.025000
1 0.286719 0.470313 0.014063 0.021875
1 0.290625 0.136719 0.012500 0.026562
1 0.664062 0.739844 0.021875 0.020312
1 0.570312 0.164062 0.012500 0.018750
1 0.289062 0.336719 0.012500 0.023438
1 0.692969 0.442969 0.010938 0.029688
1 0.434375 0.164844 0.012500 0.020312
1 0.660156 0.739844 0.014063 0.020312
1 0.650781 0.492969 0.014062 0.023437
1 0.524219 0.982812 0.017188 0.031250
1 0.628125 0.242969 0.012500 0.020312
