0 0.476562 0.983594 0.019531 0.033594
0 0.675781 0.721875 0.014063 0.021875
0 0.299219 0.717188 0.014063 0.021875
0 0.371875 0.585938 0.012500 0.025000
0 0.614062 0.474219 0.012500 0.023438
0 0.351562 0.364844 0.012500 0.023438
0 0.603125 0.587500 0.012500 0.025000
0 0.626563 0.367188 0.012500 0.025000
0 0.360938 0.474219 0.012500 0.023438
1 0.601562 0.474219 0.012500 0.023438
1 0.299219 0.692187 0.014063 0.025000
1 0.629687 0.587500 0.014063 0.025781
1 0.500781 0.982812 0.017188 0.031250
1 0.364844 0.365625 0.010937 0.025000
1 0.347656 0.472656 0.010938 0.023438
1 0.359375 0.585938 0.012500 0.025000
1 0.675781 0.745313 0.014063 0.021875
1 0.375000 0.474219 0.012500 0.023438
1 0.377344 0.366406 0.010937 0.023438
1 0.346875 0.585938 0.012500 0.025000
1 0.298438 0.741406 0.015625 0.023438
1 0.675000 0.697656 0.012500 0.023438
1 0.615625 0.586719 0.012500 0.023438
1 0.524219 0.982812 0.017188 0.031250
1 0.600000 0.367969 0.012500 0.023438
1 0.628125 0.475781 0.012500 0.026562
1 0.612500 0.367188 0.012500 0.025000
