0 0.300000 0.228906 0.009375 0.020313
0 0.701562 0.755469 0.012500 0.020312
0 0.477344 0.983594 0.019531 0.033594
0 0.300781 0.413281 0.010938 0.020313
0 0.381250 0.218750 0.012500 0.021875
0 0.300000 0.251563 0.009375 0.021875
0 0.300781 0.390625 0.010938 0.021875
0 0.626563 0.351562 0.012500 0.025000
0 0.620313 0.178906 0.012500 0.023438
0 0.490625 0.149219 0.012500 0.023438
0 0.661719 0.381250 0.010938 0.021875
1 0.300000 0.275000 0.009375 0.021875
1 0.632812 0.258594 0.012500 0.023438
1 0.300781 0.367188 0.010938 0.021875
1 0.663281 0.403906 0.010937 0.020313
1 0.299219 0.580469 0.014063 0.026563
1 0.299219 0.297656 0.010937 0.020313
1 0.661719 0.311719 0.010938 0.020313
1 0.369531 0.375000 0.014063 0.025000
1 0.300000 0.321875 0.009375 0.021875
1 0.306250 0.535937 0.012500 0.025000
1 0.300000 0.344531 0.009375 0.020313
1 0.376563 0.240625 0.012500 0.021875
1 0.425000 0.257812 0.009375 0.021875
1 0.661719 0.334375 0.010938 0.021875
1 0.700781 0.699219 0.017188 0.029688
1 0.550781 0.555469 0.010938 0.026562
1 0.524219 0.982812 0.017188 0.031250
1 0.385156 0.728125 0.014063 0.028125
1 0.474219 0.420312 0.014063 0.025000
1 0.500781 0.982812 0.017188 0.031250
1 0.589063 0.134375 0.012500 0.021875
1 0.319531 0.596875 0.014844 0.027344
1 0.662500 0.357031 0.012500 0.023438
1 0.389062 0.169531 0.012500 0.023438
