0 0.500781 0.982812 0.017188 0.031250
0 0.658594 0.249219 0.010938 0.023438
0 0.660156 0.417969 0.010938 0.014062
0 0.289844 0.250000 0.012500 0.025000
0 0.659375 0.296875 0.011719 0.023438
0 0.289844 0.275000 0.010937 0.021875
0 0.289062 0.321094 0.012500 0.024219
0 0.664844 0.632812 0.014062 0.021875
0 0.660156 0.352344 0.010938 0.023438
0 0.289062 0.298438 0.009375 0.021875
0 0.633594 0.326562 0.014062 0.021875
0 0.658594 0.272656 0.010938 0.023438
1 0.374219 0.707812 0.014062 0.025000
1 0.660156 0.320312 0.010938 0.021875
1 0.673438 0.747656 0.015625 0.026563
1 0.476562 0.982812 0.018750 0.031250
1 0.288281 0.391406 0.010937 0.023438
1 0.660937 0.437500 0.012500 0.021875
1 0.288281 0.368750 0.010937 0.021875
1 0.524219 0.982812 0.017188 0.031250
1 0.313281 0.670313 0.014062 0.025000
1 0.289844 0.250781 0.010937 0.023438
1 0.287500 0.415625 0.014063 0.025000
1 0.288281 0.345313 0.012500 0.023438
1 0.287500 0.438281 0.012500 0.020313
1 0.660937 0.399219 0.012500 0.020313
1 0.332031 0.385937 0.014062 0.021875
1 0.659375 0.336719 0.009375 0.010937
1 0.365625 0.195312 0.012500 0.021875
1 0.657031 0.607813 0.014062 0.025000
1 0.378125 0.165625 0.012500 0.021875
1 0.552344 0.491406 0.014062 0.023438
1 0.611719 0.253906 0.010938 0.020312
1 0.585156 0.171094 0.014062 0.020312
1 0.310156 0.605469 0.014063 0.023438
1 0.660937 0.375781 0.014063 0.023438
1 0.286719 0.465625 0.014063 0.021875
