0 0.307031 0.435156 0.014063 0.023438
0 0.312500 0.699219 0.006250 0.014063
0 0.317969 0.475781 0.014063 0.020313
0 0.346875 0.639063 0.012500 0.021875
0 0.329688 0.500000 0.009375 0.015625
0 0.670312 0.422656 0.015625 0.029687
0 0.476562 0.982812 0.018750 0.031250
0 0.536719 0.732031 0.014844 0.028906
0 0.312500 0.457813 0.014844 0.025781
0 0.338281 0.633594 0.010937 0.023438
0 0.342187 0.480469 0.012500 0.017188
0 0.649219 0.386719 0.014062 0.023438
0 0.588281 0.572656 0.014844 0.026562
0 0.435156 0.742969 0.014063 0.023438
0 0.600000 0.127344 0.012500 0.023438
0 0.669531 0.394531 0.012500 0.025781
1 0.382812 0.614844 0.012500 0.026563
1 0.670312 0.367188 0.012500 0.025000
1 0.532813 0.510156 0.012500 0.026562
1 0.704688 0.729688 0.015625 0.028906
1 0.290625 0.736719 0.006250 0.017188
1 0.347656 0.657812 0.017188 0.021875
1 0.500781 0.982812 0.017188 0.031250
1 0.298438 0.737500 0.012500 0.021875
1 0.317969 0.476562 0.014063 0.018750
1 0.345313 0.607813 0.012500 0.025000
1 0.670312 0.424219 0.012500 0.026562
1 0.311719 0.719531 0.014844 0.025781
1 0.323438 0.740625 0.012500 0.018750
1 0.307031 0.435937 0.014844 0.025000
1 0.524219 0.982812 0.017188 0.031250
1 0.312500 0.739844 0.012500 0.017188
1 0.713281 0.564062 0.010938 0.025000
