0 0.491406 0.685156 0.010937 0.018750
0 0.299219 0.342969 0.010937 0.020313
0 0.300000 0.389844 0.010937 0.023438
0 0.300000 0.367188 0.009375 0.021875
0 0.477344 0.982812 0.017188 0.031250
0 0.339844 0.676562 0.007812 0.025000
0 0.371094 0.539062 0.014062 0.025000
0 0.550781 0.485938 0.014063 0.025000
0 0.299219 0.319531 0.010937 0.020313
0 0.490625 0.149219 0.012500 0.023438
0 0.516406 0.685156 0.007812 0.020312
1 0.500781 0.982812 0.017188 0.031250
1 0.652344 0.697656 0.010938 0.014062
1 0.295312 0.152344 0.011719 0.014844
1 0.642188 0.373437 0.012500 0.025000
1 0.573438 0.146094 0.006250 0.014063
1 0.318750 0.088281 0.012500 0.023438
1 0.670312 0.739062 0.012500 0.015625
1 0.525781 0.059375 0.010938 0.018750
1 0.662500 0.198437 0.012500 0.018750
1 0.300000 0.413281 0.009375 0.020313
1 0.471094 0.471875 0.010937 0.025000
1 0.299219 0.173437 0.014844 0.028906
1 0.658594 0.739844 0.014062 0.020312
1 0.300000 0.342969 0.009375 0.020313
1 0.625000 0.700781 0.012500 0.023438
1 0.519531 0.742188 0.014063 0.025000
1 0.542969 0.097656 0.014063 0.023438
1 0.639844 0.704688 0.014844 0.018750
1 0.505469 0.151562 0.010938 0.021875
1 0.623437 0.667969 0.012500 0.026563
1 0.524219 0.982812 0.017188 0.031250
