0 0.757812 0.010937 0.012500 0.021875
0 0.351562 0.184375 0.012500 0.021875
0 0.287500 0.415625 0.013281 0.025000
0 0.667188 0.674219 0.012500 0.023438
0 0.286719 0.471094 0.017187 0.023438
0 0.500781 0.982812 0.017188 0.031250
0 0.602344 0.761719 0.014062 0.010938
0 0.463281 0.335938 0.010937 0.012500
0 0.660937 0.436719 0.012500 0.023438
0 0.538281 0.071875 0.010937 0.021875
0 0.287500 0.439063 0.012500 0.021875
0 0.281250 0.716406 0.012500 0.020312
0 0.288281 0.190625 0.014062 0.025000
0 0.605469 0.610937 0.014063 0.021875
0 0.464063 0.328906 0.012500 0.023438
0 0.660937 0.412500 0.013281 0.025000
1 0.476562 0.982812 0.018750 0.031250
1 0.674219 0.764844 0.007812 0.004688
1 0.434375 0.164844 0.014063 0.022656
1 0.289062 0.264062 0.012500 0.025000
1 0.285938 0.470313 0.015625 0.021875
1 0.371875 0.553906 0.012500 0.023438
1 0.437500 0.556250 0.014844 0.025000
1 0.288281 0.292187 0.013281 0.025781
1 0.288281 0.367969 0.010937 0.020313
1 0.287500 0.390625 0.012500 0.021875
1 0.617969 0.522656 0.014062 0.023438
1 0.692969 0.442969 0.010938 0.029688
1 0.660937 0.743750 0.015625 0.025000
1 0.289062 0.190625 0.012500 0.025000
1 0.516406 0.560156 0.010937 0.017188
1 0.471094 0.164062 0.010937 0.021875
1 0.537500 0.185937 0.012500 0.021875
1 0.621094 0.336719 0.014063 0.023438
1 0.524219 0.982812 0.017188 0.031250
1 0.612500 0.223438 0.012500 0.021875
1 0.666406 0.560156 0.014062 0.023438
