0 0.477344 0.982812 0.017188 0.031250
0 0.300000 0.364844 0.012500 0.023438
0 0.660156 0.096094 0.012500 0.023438
0 0.299219 0.389062 0.010937 0.021875
0 0.305469 0.531250 0.014062 0.025000
0 0.662500 0.720313 0.015625 0.031250
0 0.635156 0.698438 0.014062 0.025000
0 0.575000 0.209375 0.012500 0.025000
0 0.648438 0.710156 0.012500 0.020313
1 0.617969 0.484375 0.007812 0.015625
1 0.663281 0.443750 0.014844 0.025781
1 0.662500 0.606250 0.012500 0.025000
1 0.500000 0.160156 0.012500 0.023438
1 0.300000 0.411719 0.012500 0.023438
1 0.404687 0.677344 0.009375 0.026563
1 0.500781 0.982812 0.017188 0.031250
1 0.648438 0.710156 0.012500 0.020313
1 0.553906 0.178125 0.009375 0.021094
1 0.299219 0.389844 0.010937 0.023438
1 0.303125 0.449219 0.013281 0.024219
1 0.661719 0.720313 0.014062 0.028125
1 0.662500 0.469531 0.012500 0.023438
1 0.303125 0.485938 0.012500 0.025000
1 0.298438 0.438281 0.012500 0.023438
1 0.649219 0.450781 0.014062 0.023438
1 0.407813 0.301563 0.012500 0.025000
1 0.376563 0.434375 0.009375 0.012500
1 0.524219 0.982812 0.017188 0.031250
1 0.661719 0.560938 0.014062 0.025000
