0 0.539844 0.316406 0.010937 0.014062
0 0.664844 0.509375 0.014062 0.025000
0 0.290625 0.072656 0.012500 0.023438
0 0.672656 0.650000 0.017188 0.021875
0 0.335156 0.253906 0.014062 0.023438
0 0.476562 0.983594 0.018750 0.033594
0 0.653906 0.652344 0.014062 0.026563
0 0.439063 0.682031 0.012500 0.029687
0 0.298438 0.199219 0.012500 0.023438
0 0.325781 0.531250 0.014063 0.025000
0 0.392188 0.191406 0.012500 0.023438
0 0.670312 0.675781 0.015625 0.026563
0 0.585938 0.414062 0.014844 0.025000
0 0.490625 0.149219 0.013281 0.025000
1 0.639062 0.386719 0.012500 0.023438
1 0.300000 0.400000 0.009375 0.025000
1 0.327344 0.223438 0.013281 0.024219
1 0.671094 0.650000 0.015625 0.023438
1 0.657813 0.714063 0.015625 0.028125
1 0.364844 0.378906 0.014063 0.025781
1 0.667969 0.720312 0.014063 0.021875
1 0.324219 0.244531 0.010938 0.023437
1 0.653125 0.653125 0.012500 0.025000
1 0.345313 0.090625 0.012500 0.021875
1 0.500781 0.982812 0.017188 0.031250
1 0.524219 0.982812 0.017188 0.031250
1 0.656250 0.591406 0.012500 0.026563
1 0.504687 0.151562 0.012500 0.021875
1 0.661719 0.458594 0.014062 0.026562
1 0.334375 0.253125 0.012500 0.021875
