0 0.476562 0.982812 0.018750 0.031250
0 0.662500 0.115625 0.012500 0.021875
0 0.382031 0.413281 0.004688 0.007812
0 0.342969 0.429688 0.014844 0.024219
0 0.607031 0.652344 0.014062 0.026563
0 0.300781 0.176563 0.014062 0.021875
0 0.528125 0.600000 0.012500 0.025000
0 0.320312 0.089063 0.015625 0.027344
0 0.298438 0.074219 0.012500 0.023438
0 0.620313 0.178906 0.012500 0.023438
0 0.344531 0.369531 0.014844 0.025781
0 0.618750 0.364063 0.012500 0.025000
1 0.320312 0.089063 0.015625 0.026562
1 0.370313 0.385937 0.012500 0.025000
1 0.306250 0.526563 0.014844 0.025781
1 0.380469 0.239844 0.013281 0.025781
1 0.500781 0.982812 0.017188 0.031250
1 0.304688 0.552344 0.012500 0.023438
1 0.307812 0.491406 0.014844 0.025781
1 0.672656 0.669531 0.014062 0.023438
1 0.360156 0.367188 0.014062 0.025000
1 0.329688 0.391406 0.012500 0.023438
1 0.606250 0.364844 0.012500 0.023438
1 0.546094 0.607031 0.014062 0.026563
1 0.606250 0.652344 0.012500 0.026563
1 0.524219 0.982812 0.017188 0.031250
1 0.417969 0.432031 0.014062 0.026562
1 0.592969 0.365625 0.014063 0.025781
1 0.663281 0.403906 0.010937 0.020313
1 0.660156 0.673438 0.010938 0.018750
