0 0.505469 0.717969 0.014062 0.020313
0 0.660937 0.182031 0.012500 0.026562
0 0.658594 0.239844 0.010938 0.026562
0 0.288281 0.396094 0.010937 0.023438
0 0.289062 0.324219 0.009375 0.023438
0 0.661719 0.414062 0.014062 0.021875
0 0.662500 0.635156 0.014063 0.025781
0 0.566406 0.529687 0.010938 0.015625
0 0.500781 0.982812 0.017188 0.031250
0 0.289062 0.348438 0.012500 0.021875
0 0.288281 0.421094 0.012500 0.024219
0 0.287500 0.371875 0.012500 0.021875
0 0.660937 0.438281 0.009375 0.020313
0 0.644531 0.742969 0.014063 0.023438
1 0.476562 0.982812 0.018750 0.031250
1 0.667969 0.755469 0.014063 0.020312
1 0.660156 0.367969 0.010938 0.020313
1 0.287500 0.445312 0.012500 0.025000
1 0.351562 0.191406 0.012500 0.020313
1 0.583594 0.528125 0.011719 0.017969
1 0.614844 0.446875 0.014062 0.021875
1 0.545312 0.359375 0.014844 0.024219
1 0.289062 0.300000 0.012500 0.021875
1 0.286719 0.465625 0.014063 0.018750
1 0.661719 0.414844 0.010938 0.023438
1 0.653125 0.489844 0.012500 0.023438
1 0.288281 0.371875 0.010937 0.021875
1 0.692969 0.443750 0.010938 0.028125
1 0.662500 0.679688 0.012500 0.025000
1 0.626563 0.538281 0.012500 0.023438
1 0.657813 0.756250 0.015625 0.017969
1 0.649219 0.527344 0.015625 0.025000
1 0.661719 0.391406 0.010938 0.023438
1 0.524219 0.982812 0.017188 0.031250
1 0.660156 0.344531 0.010938 0.023438
1 0.357031 0.361719 0.014063 0.023438
