0 0.411719 0.678906 0.007812 0.007812
0 0.307813 0.354687 0.012500 0.021875
0 0.323437 0.474219 0.015625 0.017187
0 0.307031 0.695312 0.014063 0.024219
0 0.307813 0.307031 0.012500 0.023438
0 0.303125 0.671875 0.012500 0.021875
0 0.317187 0.654688 0.012500 0.025000
0 0.307812 0.257812 0.014063 0.024219
0 0.328906 0.740625 0.014062 0.021875
0 0.476562 0.982812 0.018750 0.031250
0 0.576562 0.141406 0.012500 0.023438
0 0.671094 0.153906 0.013281 0.024219
0 0.315625 0.739844 0.012500 0.020312
0 0.607031 0.456250 0.014062 0.015625
1 0.310156 0.436719 0.007812 0.026562
1 0.346875 0.625781 0.012500 0.026562
1 0.307031 0.331250 0.010937 0.021875
1 0.307031 0.402344 0.013281 0.026562
1 0.321875 0.696094 0.012500 0.026562
1 0.670312 0.408594 0.013281 0.025000
1 0.298438 0.741406 0.015625 0.023438
1 0.307031 0.378125 0.010937 0.021875
1 0.306250 0.434375 0.012500 0.028125
1 0.524219 0.982812 0.017188 0.031250
1 0.307031 0.282031 0.011719 0.024219
1 0.342187 0.731250 0.012500 0.028125
1 0.500781 0.982812 0.017188 0.031250
1 0.445312 0.143750 0.012500 0.021875
1 0.306250 0.720312 0.012500 0.025000
1 0.669531 0.360938 0.010938 0.025000
1 0.670313 0.385937 0.009375 0.021875
