0 0.671875 0.127344 0.009375 0.007812
0 0.398438 0.437500 0.012500 0.025000
0 0.375781 0.677344 0.014062 0.026563
0 0.589063 0.132812 0.012500 0.021875
0 0.306250 0.407031 0.012500 0.023438
0 0.300781 0.645312 0.014062 0.021875
0 0.629687 0.694531 0.012500 0.020313
0 0.328906 0.409375 0.014062 0.025000
0 0.671094 0.127344 0.010937 0.007812
0 0.476562 0.983594 0.019531 0.033594
0 0.373437 0.345313 0.012500 0.025000
0 0.319531 0.513281 0.014844 0.026562
0 0.581250 0.701563 0.012500 0.025000
0 0.367188 0.256250 0.014844 0.024219
0 0.509375 0.128125 0.012500 0.021875
0 0.301562 0.669531 0.012500 0.026563
0 0.323438 0.741406 0.012500 0.017188
0 0.370312 0.196875 0.014844 0.023438
1 0.669531 0.346094 0.010938 0.026562
1 0.328906 0.409375 0.014062 0.025000
1 0.335156 0.128125 0.015625 0.021094
1 0.303125 0.586719 0.012500 0.023438
1 0.318750 0.591406 0.012500 0.026563
1 0.352344 0.177344 0.010937 0.023438
1 0.417969 0.278906 0.014062 0.020313
1 0.323438 0.566406 0.012500 0.026563
1 0.370313 0.196875 0.012500 0.021875
1 0.524219 0.982812 0.017188 0.031250
1 0.516406 0.163281 0.013281 0.025000
1 0.500781 0.982812 0.017188 0.031250
1 0.632812 0.420312 0.012500 0.025000
1 0.492969 0.130469 0.010937 0.023438
1 0.670313 0.244531 0.009375 0.029688
