0 0.300781 0.390625 0.010938 0.021875
0 0.385156 0.184375 0.014063 0.021875
0 0.476562 0.982812 0.018750 0.031250
0 0.300781 0.414062 0.010938 0.021875
0 0.666406 0.600781 0.014062 0.026562
0 0.567187 0.521875 0.012500 0.025000
0 0.426563 0.234375 0.014844 0.024219
1 0.667188 0.517187 0.015625 0.025000
1 0.321875 0.343750 0.012500 0.021875
1 0.509375 0.496875 0.012500 0.025000
1 0.521875 0.385937 0.012500 0.025000
1 0.423438 0.154687 0.012500 0.021875
1 0.660156 0.267969 0.010938 0.023438
1 0.342187 0.189844 0.012500 0.023438
1 0.532813 0.478125 0.012500 0.025000
1 0.500781 0.982812 0.017188 0.031250
1 0.354688 0.271875 0.012500 0.025000
1 0.356250 0.178906 0.012500 0.023438
1 0.668750 0.575781 0.015625 0.023438
1 0.524219 0.982812 0.017188 0.031250
1 0.517188 0.126563 0.012500 0.021875
1 0.662500 0.402344 0.009375 0.023438
