0 0.300000 0.658594 0.015625 0.023438
0 0.671094 0.513281 0.014062 0.026563
0 0.353125 0.663281 0.010937 0.016406
0 0.681250 0.513281 0.006250 0.017188
0 0.275781 0.646875 0.017187 0.028125
0 0.365625 0.632812 0.012500 0.012500
0 0.477344 0.982812 0.017188 0.031250
0 0.303125 0.711719 0.012500 0.026562
0 0.347656 0.676562 0.014062 0.021875
0 0.307031 0.417969 0.014063 0.023438
0 0.399219 0.742188 0.014062 0.021875
0 0.585156 0.147656 0.014062 0.017187
0 0.667969 0.451562 0.014063 0.025000
0 0.316406 0.541406 0.014062 0.026563
1 0.361719 0.355469 0.013281 0.025781
1 0.367969 0.446094 0.013281 0.026562
1 0.300781 0.659375 0.014062 0.025000
1 0.307031 0.392969 0.013281 0.025000
1 0.711719 0.561719 0.010937 0.026562
1 0.299219 0.740625 0.014063 0.021875
1 0.323438 0.486719 0.012500 0.023438
1 0.669531 0.317969 0.010938 0.026562
1 0.604688 0.125781 0.012500 0.014063
1 0.300781 0.684375 0.014062 0.025000
1 0.319531 0.725000 0.014844 0.027344
1 0.306250 0.475000 0.012500 0.025000
1 0.339844 0.207031 0.010938 0.023438
1 0.524219 0.982812 0.017188 0.031250
1 0.345313 0.462500 0.012500 0.025000
1 0.500781 0.982812 0.017188 0.031250
1 0.669531 0.256250 0.007812 0.028125
