0 0.307031 0.408594 0.014063 0.026562
0 0.546875 0.218750 0.012500 0.025000
0 0.300781 0.663281 0.014844 0.026562
0 0.317969 0.714063 0.007812 0.009375
0 0.313281 0.689844 0.014844 0.023438
0 0.476562 0.983594 0.019531 0.033594
0 0.300000 0.687500 0.012500 0.021875
0 0.307813 0.359375 0.012500 0.021875
0 0.700000 0.738281 0.012500 0.023438
0 0.342187 0.438281 0.009375 0.017188
0 0.300000 0.635938 0.015625 0.028125
0 0.316406 0.472656 0.010938 0.023438
0 0.337500 0.385937 0.012500 0.025000
0 0.392969 0.717187 0.014844 0.027344
0 0.670312 0.411719 0.012500 0.023438
0 0.589063 0.132031 0.012500 0.023437
0 0.629687 0.157813 0.012500 0.021875
0 0.669531 0.303125 0.013281 0.024219
1 0.639062 0.173438 0.012500 0.025000
1 0.329688 0.703125 0.012500 0.012500
1 0.300781 0.635938 0.014062 0.025000
1 0.352344 0.176563 0.010937 0.025000
1 0.546875 0.218750 0.012500 0.025000
1 0.502344 0.122656 0.010937 0.023438
1 0.669531 0.386719 0.010938 0.023438
1 0.307813 0.382812 0.012500 0.021875
1 0.500781 0.982812 0.017188 0.031250
1 0.524219 0.982812 0.017188 0.031250
1 0.299219 0.727344 0.007812 0.007812
1 0.307031 0.406250 0.013281 0.022656
1 0.313281 0.689062 0.014062 0.021875
1 0.670312 0.362500 0.012500 0.021875
1 0.342187 0.709375 0.012500 0.025000
1 0.670312 0.338281 0.012500 0.023438
1 0.669531 0.359375 0.010938 0.025000
