0 0.576562 0.560156 0.015625 0.026562
0 0.671094 0.689062 0.014062 0.025000
0 0.609375 0.661719 0.006250 0.010938
0 0.439844 0.289062 0.014063 0.025000
0 0.664844 0.121094 0.014062 0.017188
0 0.571875 0.743750 0.012500 0.021875
0 0.594531 0.738281 0.014062 0.026563
0 0.357812 0.221094 0.012500 0.023438
0 0.300000 0.412500 0.009375 0.021875
0 0.607812 0.673438 0.010156 0.025781
0 0.660937 0.241406 0.012500 0.024219
0 0.476562 0.982812 0.018750 0.031250
1 0.642969 0.668750 0.014062 0.025000
1 0.656250 0.639063 0.012500 0.025000
1 0.524219 0.982812 0.017188 0.031250
1 0.332812 0.560938 0.012500 0.025000
1 0.344531 0.139063 0.014063 0.024219
1 0.644531 0.628125 0.014063 0.025000
1 0.660937 0.180469 0.012500 0.023438
1 0.671875 0.714063 0.016406 0.024219
1 0.500781 0.982812 0.017188 0.031250
1 0.385938 0.192969 0.012500 0.020313
1 0.672656 0.739062 0.014062 0.025000
1 0.519531 0.733594 0.014063 0.023438
1 0.671094 0.665625 0.014062 0.021875
1 0.604688 0.721875 0.014844 0.027344
1 0.610938 0.742188 0.013281 0.022656
1 0.625000 0.739844 0.012500 0.023438
1 0.632812 0.721875 0.014063 0.027344
1 0.365625 0.467187 0.012500 0.025000
