0 0.314063 0.745313 0.015625 0.012500
0 0.328906 0.740625 0.014062 0.021875
0 0.440625 0.341406 0.012500 0.029688
0 0.305469 0.186719 0.014062 0.017187
0 0.315625 0.712500 0.012500 0.018750
0 0.307031 0.164844 0.014063 0.023438
0 0.310937 0.732031 0.012500 0.023438
0 0.321875 0.741406 0.015625 0.020313
0 0.307813 0.534375 0.012500 0.025000
0 0.302344 0.642188 0.012500 0.024219
0 0.304688 0.690625 0.012500 0.021875
0 0.300781 0.667969 0.014062 0.023438
0 0.313281 0.590625 0.014062 0.028125
0 0.327344 0.745313 0.014062 0.015625
0 0.330469 0.740625 0.010937 0.021875
0 0.476562 0.983594 0.019531 0.033594
0 0.300000 0.715625 0.015625 0.028125
0 0.576562 0.141406 0.012500 0.023438
1 0.607031 0.167187 0.010938 0.018750
1 0.342969 0.735156 0.014062 0.026562
1 0.456250 0.455469 0.012500 0.026562
1 0.341406 0.638281 0.018750 0.031250
1 0.301563 0.714844 0.015625 0.026563
1 0.670312 0.407813 0.012500 0.021875
1 0.390625 0.234375 0.012500 0.021875
1 0.305469 0.185938 0.014062 0.018750
1 0.307813 0.382812 0.012500 0.021875
1 0.310937 0.730469 0.012500 0.023438
1 0.317187 0.688281 0.012500 0.020313
1 0.500781 0.982812 0.017188 0.031250
1 0.524219 0.982812 0.017188 0.031250
1 0.313281 0.589844 0.014062 0.026563
1 0.299219 0.732031 0.010937 0.010938
1 0.305469 0.128125 0.010937 0.012500
1 0.676562 0.728906 0.015625 0.026563
1 0.445312 0.143750 0.012500 0.021875
1 0.643750 0.412500 0.012500 0.025000
1 0.670312 0.384375 0.012500 0.021875
1 0.307031 0.406250 0.010937 0.025000
