0 0.289062 0.360156 0.012500 0.023438
0 0.288281 0.253906 0.014844 0.025781
0 0.310156 0.416406 0.014063 0.023438
0 0.288281 0.336719 0.010937 0.023438
0 0.288281 0.384375 0.010937 0.021875
0 0.660156 0.389844 0.010938 0.023438
0 0.588281 0.197656 0.010156 0.014063
0 0.287500 0.433594 0.012500 0.023438
0 0.289062 0.313281 0.012500 0.024219
0 0.500781 0.982812 0.017188 0.031250
0 0.667969 0.389062 0.004687 0.025000
0 0.288281 0.464062 0.014062 0.025000
0 0.289062 0.171094 0.010937 0.018750
1 0.287500 0.408594 0.012500 0.023438
1 0.660156 0.366406 0.013281 0.022656
1 0.289062 0.271875 0.012500 0.012500
1 0.397656 0.496094 0.014062 0.023438
1 0.342969 0.628125 0.014062 0.025000
1 0.476562 0.982812 0.018750 0.031250
1 0.660937 0.414062 0.012500 0.021875
1 0.321094 0.436719 0.014062 0.023438
1 0.291406 0.190625 0.014844 0.024219
1 0.662500 0.682031 0.014844 0.025000
1 0.667969 0.650781 0.014063 0.023438
1 0.287500 0.288281 0.012500 0.023438
1 0.321875 0.714063 0.012500 0.025000
1 0.281250 0.624219 0.015625 0.023438
1 0.665625 0.735156 0.009375 0.017188
1 0.692969 0.442969 0.010938 0.029688
1 0.288281 0.360938 0.010937 0.021875
1 0.639062 0.664062 0.012500 0.025000
1 0.635938 0.080469 0.018750 0.026563
1 0.400781 0.567187 0.014063 0.025000
1 0.307031 0.707031 0.014844 0.017969
1 0.660937 0.436719 0.012500 0.023438
1 0.524219 0.982812 0.017188 0.031250
