0 0.662500 0.380469 0.012500 0.023438
0 0.300000 0.228906 0.009375 0.020313
0 0.300781 0.390625 0.010938 0.021875
0 0.476562 0.982812 0.018750 0.031250
0 0.300781 0.414062 0.010938 0.021875
0 0.300000 0.251563 0.009375 0.021875
0 0.663281 0.403125 0.010937 0.021875
0 0.381250 0.218750 0.012500 0.021875
0 0.620313 0.178906 0.012500 0.023438
0 0.626563 0.351562 0.012500 0.025000
0 0.491406 0.138281 0.010937 0.023438
1 0.300000 0.343750 0.009375 0.021875
1 0.300000 0.275000 0.010937 0.022656
1 0.632812 0.258594 0.012500 0.023438
1 0.300781 0.366406 0.010938 0.023438
1 0.663281 0.403906 0.012500 0.023438
1 0.299219 0.579687 0.014063 0.025000
1 0.299219 0.297656 0.010937 0.020313
1 0.550781 0.555469 0.010938 0.026562
1 0.319531 0.596875 0.014062 0.025000
1 0.368750 0.375000 0.012500 0.025000
1 0.300000 0.321094 0.009375 0.020313
1 0.661719 0.334375 0.010938 0.021875
1 0.306250 0.535937 0.012500 0.025000
1 0.425000 0.257812 0.010156 0.023438
1 0.661719 0.310937 0.010938 0.021875
1 0.376563 0.240625 0.012500 0.021875
1 0.524219 0.982812 0.017188 0.031250
1 0.387500 0.730469 0.012500 0.026563
1 0.471094 0.415625 0.014063 0.026562
1 0.500781 0.982812 0.017188 0.031250
1 0.589063 0.133594 0.012500 0.023438
1 0.662500 0.357812 0.012500 0.021875
1 0.389062 0.170312 0.012500 0.025000
