0 0.588281 0.739844 0.007812 0.010938
0 0.289844 0.281250 0.010937 0.025000
0 0.660937 0.439844 0.013281 0.017969
0 0.658594 0.296875 0.010938 0.021875
0 0.500781 0.983594 0.019531 0.033594
0 0.288281 0.415625 0.013281 0.024219
0 0.128906 0.756250 0.014062 0.021875
0 0.600781 0.745313 0.014062 0.021875
0 0.283594 0.469531 0.014063 0.023438
0 0.357812 0.330469 0.012500 0.023438
0 0.323438 0.279687 0.012500 0.021875
0 0.667969 0.674219 0.014063 0.023438
0 0.460938 0.300781 0.012500 0.023438
0 0.660156 0.407031 0.010938 0.010937
1 0.660937 0.389062 0.012500 0.021875
1 0.310156 0.493750 0.014063 0.015625
1 0.486719 0.514844 0.017187 0.029687
1 0.692969 0.443750 0.010938 0.028125
1 0.288281 0.415625 0.012500 0.023438
1 0.578125 0.178125 0.012500 0.021875
1 0.660156 0.342969 0.010938 0.020313
1 0.317969 0.325781 0.014063 0.020313
1 0.660156 0.321094 0.010938 0.023438
1 0.662500 0.421875 0.012500 0.021875
1 0.378906 0.229687 0.011719 0.013281
1 0.454688 0.620313 0.015625 0.025000
1 0.508594 0.586719 0.014062 0.023438
1 0.290625 0.196875 0.015625 0.026562
1 0.660156 0.367188 0.010938 0.021875
1 0.658594 0.272656 0.010938 0.023438
1 0.524219 0.982812 0.017188 0.031250
1 0.658594 0.248438 0.010938 0.021875
1 0.350000 0.359375 0.012500 0.021875
1 0.476562 0.982812 0.018750 0.031250
