0 0.854688 0.126563 0.009375 0.021875
0 0.675781 0.721875 0.014063 0.021875
0 0.307031 0.239063 0.010937 0.015625
0 0.351562 0.365625 0.012500 0.025000
0 0.476562 0.983594 0.019531 0.033594
0 0.307813 0.396875 0.012500 0.021875
0 0.669531 0.370312 0.012500 0.025781
0 0.307031 0.322656 0.014063 0.020313
0 0.307031 0.372656 0.014063 0.023438
0 0.304688 0.330469 0.012500 0.032812
0 0.307031 0.420312 0.017969 0.025000
0 0.675781 0.697656 0.014063 0.023438
0 0.626563 0.367188 0.012500 0.025000
1 0.600000 0.367969 0.012500 0.023438
1 0.307031 0.372656 0.010937 0.023438
1 0.672656 0.437500 0.014062 0.025000
1 0.307813 0.258594 0.012500 0.023438
1 0.307813 0.279687 0.012500 0.018750
1 0.671094 0.207813 0.014062 0.025000
1 0.500781 0.982812 0.017188 0.031250
1 0.524219 0.982812 0.017188 0.031250
1 0.307031 0.418750 0.017969 0.024219
1 0.364844 0.366406 0.010937 0.023438
1 0.457812 0.015625 0.012500 0.025000
1 0.307031 0.298438 0.010937 0.025000
1 0.676562 0.745313 0.015625 0.021875
1 0.307031 0.354688 0.014063 0.018750
1 0.648438 0.461719 0.009375 0.010937
1 0.613281 0.367969 0.010938 0.023438
1 0.346094 0.289844 0.010937 0.023438
1 0.675781 0.697656 0.014063 0.023438
1 0.377344 0.366406 0.010937 0.023438
1 0.671094 0.414062 0.014062 0.021875
