0 0.660156 0.413281 0.010938 0.023438
0 0.364062 0.171094 0.012500 0.020312
0 0.495312 0.741406 0.015625 0.025781
0 0.670312 0.743750 0.012500 0.025000
0 0.500781 0.982812 0.017188 0.031250
0 0.647656 0.710938 0.014062 0.021875
0 0.646094 0.688281 0.014062 0.020313
0 0.352344 0.493750 0.010937 0.015625
0 0.375000 0.174219 0.012500 0.020313
0 0.562500 0.197656 0.009375 0.014063
0 0.670312 0.675781 0.012500 0.023438
1 0.421875 0.425781 0.015625 0.026563
1 0.476562 0.982812 0.018750 0.031250
1 0.352344 0.177344 0.014844 0.025781
1 0.646875 0.710938 0.012500 0.021875
1 0.285937 0.437500 0.012500 0.021875
1 0.288281 0.368750 0.010937 0.021875
1 0.578906 0.710938 0.014062 0.025000
1 0.298438 0.546875 0.012500 0.025000
1 0.692969 0.443750 0.010938 0.028125
1 0.332812 0.425781 0.012500 0.023438
1 0.623437 0.486719 0.012500 0.023438
1 0.366406 0.369531 0.014062 0.023438
1 0.287500 0.390625 0.013281 0.024219
1 0.287500 0.414844 0.012500 0.023438
1 0.660937 0.436719 0.012500 0.020313
1 0.365625 0.207031 0.012500 0.020313
1 0.555469 0.737500 0.014062 0.025000
1 0.524219 0.982812 0.017188 0.031250
1 0.339063 0.214844 0.012500 0.020313
1 0.474219 0.754687 0.010937 0.025000
1 0.550000 0.288281 0.014844 0.024219
1 0.660937 0.389062 0.012500 0.021875
