0 0.354688 0.619531 0.012500 0.023438
0 0.345313 0.507031 0.012500 0.023438
0 0.450000 0.389844 0.009375 0.020313
0 0.674219 0.757031 0.014062 0.020313
0 0.657031 0.101562 0.014062 0.021875
0 0.500781 0.982812 0.017188 0.031250
0 0.594531 0.619531 0.014062 0.023438
0 0.276562 0.757031 0.015625 0.020313
0 0.334375 0.399219 0.012500 0.023438
0 0.607031 0.505469 0.010938 0.023438
0 0.369531 0.449219 0.014063 0.029687
0 0.683594 0.758594 0.007812 0.017188
0 0.562500 0.637500 0.012500 0.016406
0 0.534375 0.662500 0.012500 0.018750
0 0.615625 0.397656 0.012500 0.023438
0 0.647656 0.125000 0.010937 0.018750
1 0.331250 0.507031 0.012500 0.023438
1 0.603125 0.397656 0.012500 0.023438
1 0.360156 0.400000 0.014844 0.024219
1 0.476562 0.983594 0.019531 0.033594
1 0.333594 0.215625 0.014844 0.023438
1 0.589063 0.397656 0.012500 0.023438
1 0.655469 0.082031 0.014062 0.023438
1 0.348438 0.398438 0.014063 0.022656
1 0.327344 0.619531 0.014062 0.023438
1 0.435937 0.456250 0.012500 0.015625
1 0.357812 0.506250 0.012500 0.021875
1 0.339844 0.618750 0.014062 0.025000
1 0.423438 0.758594 0.018750 0.017188
1 0.673438 0.732813 0.015625 0.025000
1 0.664062 0.126562 0.015625 0.029687
1 0.693750 0.442969 0.015625 0.032812
1 0.622656 0.618750 0.014062 0.025000
1 0.609375 0.618750 0.012500 0.025000
1 0.592969 0.507031 0.014063 0.025000
1 0.566406 0.371875 0.014844 0.024219
1 0.275781 0.733594 0.015625 0.025000
1 0.620313 0.505469 0.012500 0.023438
1 0.524219 0.982812 0.017188 0.031250
1 0.658594 0.178906 0.014062 0.026563
