0 0.669531 0.122656 0.012500 0.016406
0 0.607031 0.136719 0.010938 0.023438
0 0.477344 0.982812 0.017188 0.031250
0 0.662500 0.560156 0.012500 0.023438
0 0.308594 0.246094 0.010938 0.023438
0 0.494531 0.654687 0.010937 0.015625
0 0.351562 0.364844 0.012500 0.023438
0 0.371094 0.190625 0.010938 0.021875
0 0.492969 0.663281 0.017188 0.032813
0 0.596094 0.637500 0.014062 0.025000
0 0.473438 0.221094 0.013281 0.023438
1 0.671875 0.184375 0.012500 0.018750
1 0.532031 0.505469 0.014062 0.026563
1 0.364844 0.364063 0.010937 0.025000
1 0.304688 0.714844 0.012500 0.026563
1 0.385156 0.319531 0.013281 0.025781
1 0.299219 0.739844 0.014063 0.023438
1 0.307031 0.322656 0.012500 0.025781
1 0.671875 0.154687 0.012500 0.021875
1 0.535156 0.599219 0.014844 0.027344
1 0.665625 0.510156 0.012500 0.026562
1 0.500781 0.982812 0.017188 0.031250
1 0.321875 0.735937 0.012500 0.025000
1 0.355469 0.342187 0.014063 0.025000
1 0.350000 0.473438 0.012500 0.025000
1 0.614062 0.727344 0.012500 0.026562
1 0.377344 0.365625 0.010937 0.025000
1 0.582812 0.587500 0.014844 0.027344
1 0.524219 0.982812 0.017188 0.031250
1 0.340625 0.125000 0.012500 0.025000
1 0.428125 0.743750 0.012500 0.025000
1 0.600000 0.366406 0.012500 0.023438
1 0.612500 0.367188 0.014063 0.025781
