0 0.477344 0.982812 0.017188 0.031250
0 0.667188 0.517969 0.015625 0.023438
0 0.662500 0.357812 0.012500 0.021875
0 0.662500 0.379688 0.012500 0.021875
0 0.286719 0.730469 0.004688 0.017187
0 0.667969 0.576562 0.016406 0.026562
0 0.671875 0.691406 0.015625 0.023438
0 0.300781 0.700781 0.014062 0.026563
0 0.657813 0.661719 0.015625 0.025781
0 0.300000 0.413281 0.009375 0.020313
0 0.309375 0.749219 0.012500 0.020313
0 0.295312 0.731250 0.015625 0.025000
0 0.662500 0.404687 0.012500 0.021875
0 0.662500 0.334375 0.012500 0.021875
0 0.662500 0.310937 0.012500 0.021875
1 0.662500 0.334375 0.012500 0.021875
1 0.666406 0.544531 0.014062 0.023438
1 0.605469 0.672656 0.014063 0.026562
1 0.660156 0.073438 0.017187 0.046875
1 0.500781 0.982812 0.017188 0.031250
1 0.661719 0.081250 0.014062 0.031250
1 0.524219 0.982812 0.017188 0.031250
1 0.300000 0.389844 0.010937 0.022656
1 0.672656 0.739062 0.014062 0.025000
1 0.668750 0.577344 0.015625 0.025000
1 0.300000 0.701563 0.012500 0.025000
1 0.594531 0.269531 0.014844 0.030469
1 0.671094 0.666406 0.014062 0.020312
1 0.655469 0.058594 0.007812 0.020313
1 0.571094 0.743750 0.014844 0.024219
1 0.662500 0.381250 0.012500 0.021875
1 0.671094 0.643750 0.014062 0.021875
1 0.672656 0.714844 0.014062 0.023438
