0 0.300000 0.413281 0.009375 0.020313
0 0.357812 0.221094 0.012500 0.023438
0 0.613281 0.741406 0.014063 0.020313
0 0.661719 0.732813 0.014062 0.021875
0 0.653906 0.660937 0.014062 0.025000
0 0.670312 0.689062 0.012500 0.025000
0 0.426562 0.412500 0.012500 0.025000
0 0.594531 0.741406 0.014062 0.023438
0 0.477344 0.982812 0.017188 0.031250
1 0.519531 0.733594 0.014063 0.026562
1 0.661719 0.733594 0.014062 0.020313
1 0.589844 0.698438 0.014063 0.025000
1 0.632031 0.663281 0.014844 0.026562
1 0.456250 0.641406 0.009375 0.007812
1 0.671094 0.663281 0.014062 0.023438
1 0.468750 0.670312 0.012500 0.015625
1 0.524219 0.982812 0.017188 0.031250
1 0.628125 0.739062 0.012500 0.025000
1 0.491406 0.664844 0.007812 0.023438
1 0.318750 0.627344 0.012500 0.026563
1 0.500781 0.982812 0.017188 0.031250
1 0.657813 0.613281 0.012500 0.026563
1 0.640625 0.376563 0.012500 0.025000
1 0.661719 0.638281 0.014062 0.026563
