0 0.658594 0.294531 0.012500 0.022656
0 0.500781 0.983594 0.019531 0.033594
0 0.660156 0.342187 0.010938 0.021875
0 0.674219 0.740625 0.010938 0.012500
0 0.324219 0.106250 0.014062 0.031250
0 0.275000 0.483594 0.006250 0.017188
0 0.296094 0.466406 0.014062 0.020313
0 0.660937 0.414062 0.012500 0.021875
0 0.667969 0.435156 0.004687 0.020313
0 0.273438 0.525781 0.009375 0.014062
0 0.348437 0.447656 0.012500 0.023438
0 0.375000 0.175000 0.012500 0.021875
0 0.668750 0.743750 0.009375 0.018750
0 0.660156 0.389844 0.010938 0.023438
0 0.363281 0.171094 0.010938 0.020312
0 0.639062 0.739844 0.012500 0.026563
0 0.285156 0.484375 0.014062 0.021875
0 0.660156 0.365625 0.014063 0.021875
0 0.524219 0.983594 0.020313 0.033594
0 0.660937 0.437500 0.012500 0.021875
0 0.667969 0.674219 0.014063 0.023438
0 0.658594 0.271094 0.010938 0.023438
0 0.652344 0.750000 0.014063 0.018750
0 0.659375 0.317969 0.009375 0.023438
1 0.476562 0.982812 0.018750 0.031250
1 0.660937 0.414062 0.012500 0.021875
1 0.407813 0.264062 0.012500 0.021875
1 0.324219 0.104688 0.014062 0.025000
1 0.348437 0.447656 0.012500 0.023438
1 0.692969 0.443750 0.010938 0.028125
1 0.305469 0.081250 0.014062 0.025000
1 0.339063 0.214844 0.012500 0.020313
1 0.524219 0.982812 0.017188 0.031250
1 0.331250 0.347656 0.012500 0.023438
1 0.329688 0.319531 0.012500 0.023438
1 0.658594 0.271094 0.010938 0.023438
1 0.365625 0.210156 0.012500 0.017187
1 0.661719 0.491406 0.007812 0.020313
1 0.639062 0.740625 0.014844 0.025781
1 0.614062 0.207813 0.012500 0.021875
1 0.296094 0.465625 0.010937 0.018750
1 0.660156 0.365625 0.010938 0.021875
1 0.362500 0.222656 0.012500 0.020313
