0 0.476562 0.983594 0.019531 0.033594
0 0.625000 0.584375 0.012500 0.025000
0 0.246094 0.012500 0.010938 0.025000
0 0.618750 0.363281 0.012500 0.023438
0 0.296875 0.726562 0.012500 0.025000
0 0.599219 0.585938 0.014062 0.025000
0 0.299219 0.098437 0.010937 0.021875
0 0.616406 0.473438 0.007812 0.021875
0 0.345313 0.370312 0.012500 0.025000
0 0.612500 0.583594 0.012500 0.026562
1 0.300781 0.414062 0.010938 0.021875
1 0.300000 0.390625 0.009375 0.021875
1 0.625000 0.584375 0.014063 0.025781
1 0.605469 0.364844 0.010938 0.023438
1 0.661719 0.321875 0.010937 0.024219
1 0.500781 0.982812 0.017188 0.031250
1 0.612500 0.584375 0.012500 0.025000
1 0.304688 0.589844 0.009375 0.032812
1 0.371094 0.371094 0.010938 0.023438
1 0.298438 0.701563 0.012500 0.021875
1 0.357812 0.370312 0.012500 0.021875
1 0.300000 0.365625 0.012500 0.025000
1 0.300000 0.331250 0.009375 0.021875
1 0.524219 0.982812 0.017188 0.031250
1 0.593750 0.364063 0.012500 0.025000
1 0.663281 0.378906 0.010937 0.023438
1 0.297656 0.749219 0.014062 0.020313
1 0.627344 0.471094 0.010938 0.023438
