0 0.019531 0.643750 0.026563 0.025000
0 0.784375 0.477344 0.018750 0.026562
0 0.374219 0.581250 0.017188 0.015625
0 0.635938 0.510938 0.015625 0.028125
0 0.241406 0.409375 0.010938 0.012500
0 0.358594 0.582812 0.014062 0.012500
0 0.717187 0.485938 0.017969 0.016406
0 0.476562 0.982812 0.018750 0.031250
0 0.245312 0.412500 0.018750 0.021875
0 0.275781 0.692969 0.035938 0.054688
0 0.369531 0.563281 0.020313 0.026562
0 0.250781 0.413281 0.010937 0.020313
0 0.661719 0.510938 0.008594 0.014063
1 0.766406 0.441406 0.017188 0.026563
1 0.801562 0.496875 0.021875 0.031250
1 0.778125 0.454688 0.018750 0.028125
1 0.332031 0.545312 0.010938 0.015625
1 0.068750 0.668750 0.014844 0.029687
1 0.809375 0.520312 0.021875 0.040625
1 0.008594 0.761719 0.017188 0.010938
1 0.500781 0.982031 0.017188 0.029687
1 0.058594 0.694531 0.035938 0.057812
1 0.245312 0.425781 0.009375 0.020312
1 0.241406 0.429688 0.011719 0.021875
1 0.235938 0.426563 0.009375 0.021875
1 0.790625 0.490625 0.018750 0.031250
1 0.775781 0.463281 0.017188 0.026562
1 0.773438 0.449219 0.015625 0.020312
1 0.524219 0.982812 0.017188 0.031250
1 0.239844 0.442188 0.010937 0.015625
