0 0.300000 0.413281 0.009375 0.020313
0 0.539062 0.371094 0.012500 0.023438
0 0.660937 0.309375 0.009375 0.018750
0 0.476562 0.982812 0.018750 0.031250
0 0.664062 0.400781 0.014844 0.023438
0 0.367188 0.667188 0.012500 0.027344
0 0.662500 0.379688 0.012500 0.021875
0 0.617188 0.574219 0.012500 0.014063
0 0.494531 0.746094 0.014063 0.023438
0 0.661719 0.357812 0.010938 0.021875
0 0.659375 0.220312 0.012500 0.021094
1 0.660937 0.287500 0.012500 0.023438
1 0.503125 0.683594 0.012500 0.026563
1 0.300000 0.389844 0.009375 0.020313
1 0.524219 0.982812 0.017188 0.031250
1 0.628125 0.698438 0.012500 0.025000
1 0.363281 0.432812 0.014062 0.025000
1 0.671094 0.738281 0.014062 0.023438
1 0.568750 0.352344 0.012500 0.023438
1 0.657813 0.546875 0.012500 0.025000
1 0.454688 0.687500 0.012500 0.025000
1 0.657813 0.573438 0.014844 0.027344
1 0.660156 0.242188 0.011719 0.024219
1 0.662500 0.331250 0.012500 0.028125
1 0.671094 0.703125 0.014062 0.025000
1 0.500781 0.982812 0.017188 0.031250
1 0.662500 0.380469 0.012500 0.020313
1 0.660937 0.264844 0.009375 0.020313
