0 0.585938 0.124219 0.012500 0.023437
0 0.669531 0.406250 0.014062 0.025000
0 0.476562 0.982812 0.018750 0.031250
0 0.314844 0.444531 0.014063 0.026562
0 0.669531 0.381250 0.010938 0.021875
0 0.307812 0.424219 0.014844 0.026562
0 0.307813 0.398438 0.012500 0.025000
0 0.550000 0.170312 0.012500 0.025000
0 0.290625 0.552344 0.045312 0.186719
1 0.583594 0.599219 0.014062 0.023438
1 0.305469 0.201562 0.017188 0.025000
1 0.307813 0.372656 0.012500 0.023438
1 0.675781 0.721094 0.014063 0.026563
1 0.600000 0.366406 0.012500 0.023438
1 0.307813 0.325000 0.012500 0.021875
1 0.710938 0.595313 0.009375 0.018750
1 0.718750 0.642188 0.009375 0.028125
1 0.500781 0.982812 0.017188 0.031250
1 0.338281 0.652344 0.014063 0.023438
1 0.392188 0.357031 0.012500 0.023438
1 0.334375 0.334375 0.012500 0.025000
1 0.669531 0.407031 0.014062 0.023438
1 0.630469 0.621875 0.014062 0.025000
1 0.618750 0.318750 0.012500 0.012500
1 0.307813 0.347656 0.012500 0.023438
1 0.420312 0.211719 0.012500 0.023438
1 0.663281 0.743750 0.014062 0.021875
1 0.658594 0.688281 0.014062 0.026562
1 0.306250 0.472656 0.014844 0.027344
1 0.669531 0.357812 0.010938 0.021875
1 0.612500 0.367188 0.014063 0.025781
1 0.524219 0.982812 0.017188 0.031250
1 0.617188 0.304688 0.012500 0.025000
