0 0.315625 0.103125 0.012500 0.025000
0 0.316406 0.456250 0.014063 0.025000
0 0.302344 0.736719 0.014063 0.025781
0 0.306250 0.184375 0.012500 0.021875
0 0.314844 0.714844 0.014063 0.026563
0 0.307813 0.336719 0.012500 0.023438
0 0.307813 0.313281 0.012500 0.020313
0 0.303906 0.097656 0.010937 0.023438
0 0.305469 0.158594 0.014062 0.023438
0 0.476562 0.982812 0.018750 0.031250
0 0.307813 0.360156 0.012500 0.020313
1 0.570312 0.270312 0.012500 0.018750
1 0.670312 0.407813 0.012500 0.025000
1 0.307031 0.407031 0.013281 0.024219
1 0.671094 0.542188 0.014062 0.025000
1 0.342969 0.724219 0.014062 0.026563
1 0.500781 0.982812 0.017188 0.031250
1 0.350781 0.742188 0.014062 0.021875
1 0.307031 0.382812 0.010937 0.021875
1 0.439063 0.172656 0.012500 0.023438
1 0.603125 0.587500 0.014063 0.027344
1 0.524219 0.982812 0.017188 0.031250
1 0.328125 0.063281 0.012500 0.026563
1 0.500000 0.743750 0.012500 0.025000
1 0.303906 0.097656 0.010937 0.023438
1 0.594531 0.200000 0.013281 0.023438
1 0.357812 0.374219 0.012500 0.023438
1 0.668750 0.443750 0.012500 0.028125
