0 0.300000 0.585938 0.015625 0.025000
0 0.662500 0.331250 0.012500 0.021875
0 0.300000 0.299219 0.011719 0.025781
0 0.477344 0.982812 0.017188 0.031250
0 0.496094 0.700781 0.014063 0.023438
0 0.300000 0.673437 0.012500 0.025000
0 0.478125 0.636719 0.012500 0.026563
0 0.300781 0.374219 0.010938 0.023438
1 0.434375 0.366406 0.015625 0.029687
1 0.578125 0.742188 0.012500 0.021875
1 0.662500 0.355469 0.012500 0.023438
1 0.340625 0.279687 0.012500 0.025000
1 0.297656 0.133594 0.010937 0.017187
1 0.663281 0.402344 0.012500 0.021094
1 0.321875 0.739062 0.012500 0.025000
1 0.661719 0.225000 0.010938 0.028125
1 0.500781 0.982812 0.017188 0.031250
1 0.301562 0.747656 0.012500 0.023438
1 0.407813 0.707031 0.012500 0.026563
1 0.300000 0.585938 0.012500 0.025000
1 0.297656 0.707812 0.014062 0.025000
1 0.663281 0.378906 0.011719 0.023438
1 0.669531 0.742188 0.015625 0.021094
1 0.560156 0.733594 0.014844 0.026562
1 0.524219 0.982812 0.017188 0.031250
