0 0.498437 0.377344 0.012500 0.023438
0 0.477344 0.982812 0.017188 0.031250
0 0.594531 0.739062 0.014062 0.025000
0 0.618750 0.654688 0.012500 0.025000
0 0.357812 0.221094 0.012500 0.023438
0 0.300000 0.412500 0.012500 0.024219
0 0.571875 0.743750 0.012500 0.021875
0 0.671094 0.688281 0.014062 0.023438
1 0.500781 0.982812 0.017188 0.031250
1 0.635938 0.739844 0.012500 0.020312
1 0.603906 0.696094 0.014062 0.026562
1 0.656250 0.641406 0.014844 0.026562
1 0.519531 0.732813 0.014063 0.025000
1 0.502344 0.631250 0.014063 0.018750
1 0.492969 0.670312 0.008594 0.018750
1 0.671875 0.714063 0.015625 0.021875
1 0.328906 0.571875 0.014844 0.027344
1 0.623437 0.740625 0.012500 0.021875
1 0.529687 0.672656 0.012500 0.026562
1 0.657031 0.722656 0.010937 0.023438
1 0.644531 0.629687 0.014063 0.025000
1 0.670312 0.665625 0.012500 0.021875
1 0.524219 0.982812 0.017188 0.031250
