0 0.591406 0.061719 0.007812 0.017188
0 0.659375 0.296875 0.012500 0.024219
0 0.500781 0.982812 0.017188 0.031250
0 0.280469 0.746875 0.015625 0.026562
0 0.287500 0.414062 0.012500 0.025000
0 0.287500 0.439063 0.012500 0.021875
0 0.457812 0.344531 0.012500 0.023438
0 0.584375 0.031250 0.015625 0.025000
0 0.660937 0.436719 0.012500 0.023438
0 0.351562 0.184375 0.012500 0.021875
0 0.667188 0.674219 0.012500 0.023438
0 0.594531 0.611719 0.014062 0.023438
0 0.660937 0.742969 0.015625 0.026562
0 0.285938 0.471094 0.015625 0.023438
1 0.476562 0.982812 0.018750 0.031250
1 0.285156 0.078125 0.014062 0.028125
1 0.666406 0.565625 0.015625 0.024219
1 0.529688 0.341406 0.009375 0.017187
1 0.673438 0.764062 0.011719 0.007812
1 0.437500 0.555469 0.014844 0.025781
1 0.299219 0.060156 0.014063 0.023437
1 0.434375 0.164844 0.013281 0.022656
1 0.275000 0.471094 0.006250 0.020313
1 0.396094 0.544531 0.014844 0.025000
1 0.286719 0.470313 0.014063 0.021875
1 0.288281 0.364844 0.010937 0.023438
1 0.591406 0.061719 0.007812 0.017188
1 0.313281 0.071094 0.014062 0.023438
1 0.287500 0.388281 0.012500 0.023438
1 0.692969 0.442969 0.010938 0.029688
1 0.613281 0.225000 0.013281 0.023438
1 0.660937 0.742188 0.015625 0.025000
1 0.498437 0.168750 0.013281 0.022656
1 0.618750 0.508594 0.012500 0.023437
1 0.542969 0.178125 0.010938 0.021875
1 0.276563 0.764063 0.012500 0.006250
1 0.621094 0.336719 0.014063 0.023438
1 0.524219 0.982812 0.017188 0.031250
