0 0.824219 0.420312 0.020312 0.028125
0 0.477344 0.982812 0.017188 0.031250
0 0.137500 0.535156 0.028125 0.048437
0 0.857031 0.478906 0.023438 0.032812
0 0.857812 0.591406 0.018750 0.010938
0 0.085938 0.539062 0.018750 0.021875
0 0.555469 0.758594 0.032813 0.017188
0 0.191406 0.717969 0.039062 0.067188
0 0.867188 0.471094 0.012500 0.020313
0 0.877344 0.502344 0.026563 0.017188
0 0.511719 0.546094 0.020312 0.039062
0 0.946875 0.560156 0.028125 0.029687
0 0.842969 0.637500 0.007812 0.025000
1 0.149219 0.510156 0.026563 0.032813
1 0.570312 0.524219 0.018750 0.035938
1 0.838281 0.449219 0.020312 0.029687
1 0.976562 0.742969 0.043750 0.045312
1 0.500781 0.982812 0.017188 0.031250
1 0.524219 0.982812 0.017188 0.031250
1 0.420312 0.725781 0.037500 0.067188
1 0.866406 0.493750 0.023438 0.031250
1 0.575000 0.737500 0.037500 0.059375
1 0.848437 0.460938 0.021875 0.034375
1 0.832031 0.435156 0.020312 0.029688
