0 0.660156 0.389844 0.013281 0.023438
0 0.289844 0.287500 0.010937 0.021875
0 0.339063 0.527344 0.012500 0.023438
0 0.384375 0.224219 0.012500 0.023438
0 0.280469 0.675000 0.014844 0.024219
0 0.278906 0.667188 0.010937 0.009375
0 0.267969 0.674219 0.007812 0.017188
0 0.500781 0.983594 0.019531 0.033594
0 0.266406 0.746094 0.007812 0.020312
0 0.658594 0.342187 0.010938 0.021875
0 0.659375 0.318750 0.012500 0.021875
0 0.310156 0.414844 0.014063 0.020313
0 0.277344 0.750000 0.010938 0.018750
1 0.476562 0.982812 0.018750 0.031250
1 0.282031 0.611719 0.014062 0.023438
1 0.366406 0.621094 0.014062 0.023438
1 0.286719 0.414062 0.014063 0.021875
1 0.400000 0.560937 0.009375 0.015625
1 0.434375 0.164844 0.012500 0.020312
1 0.660937 0.414062 0.012500 0.021875
1 0.289062 0.205469 0.015625 0.023438
1 0.273438 0.717187 0.015625 0.025000
1 0.661719 0.514844 0.014062 0.023438
1 0.287500 0.390625 0.012500 0.021875
1 0.659375 0.145313 0.012500 0.015625
1 0.288281 0.340625 0.010937 0.021875
1 0.286719 0.437500 0.014063 0.021875
1 0.296094 0.663281 0.014062 0.023438
1 0.658594 0.318750 0.010938 0.021875
1 0.692969 0.442969 0.010938 0.029688
1 0.660156 0.207813 0.014063 0.021875
1 0.660937 0.437500 0.012500 0.021875
1 0.524219 0.982812 0.017188 0.031250
1 0.521875 0.188281 0.012500 0.020312
1 0.586719 0.109375 0.014062 0.025000
1 0.658594 0.262500 0.013281 0.025000
1 0.308594 0.713281 0.010938 0.014062
1 0.659375 0.366406 0.012500 0.020313
