0 0.667188 0.611719 0.012500 0.023438
0 0.659375 0.196094 0.015625 0.029688
0 0.663281 0.148438 0.010937 0.009375
0 0.500781 0.982812 0.017188 0.031250
0 0.375781 0.764063 0.010937 0.006250
0 0.663281 0.167187 0.007812 0.009375
0 0.673438 0.760938 0.012500 0.012500
0 0.339844 0.731250 0.014062 0.025000
0 0.662500 0.500781 0.014844 0.025000
0 0.664062 0.157031 0.012500 0.027344
0 0.375000 0.182812 0.012500 0.021875
0 0.400000 0.478906 0.012500 0.023438
0 0.359375 0.177344 0.015625 0.020313
0 0.659375 0.132812 0.015625 0.025000
0 0.590625 0.166406 0.013281 0.022656
0 0.661719 0.438281 0.010938 0.020313
1 0.476562 0.982812 0.018750 0.031250
1 0.678906 0.534375 0.007812 0.018750
1 0.296094 0.121875 0.014062 0.025000
1 0.675000 0.726562 0.009375 0.015625
1 0.304688 0.041406 0.014844 0.028906
1 0.659375 0.197656 0.012500 0.026562
1 0.356250 0.439844 0.012500 0.023438
1 0.668750 0.641406 0.015625 0.023438
1 0.345313 0.231250 0.009375 0.018750
1 0.658594 0.132812 0.014062 0.025000
1 0.657031 0.697656 0.014062 0.023438
1 0.302344 0.743750 0.014063 0.025000
1 0.356250 0.530469 0.014844 0.025781
1 0.693750 0.442187 0.012500 0.028125
1 0.347656 0.190625 0.014062 0.021875
1 0.409375 0.762500 0.012500 0.009375
1 0.308594 0.543750 0.014062 0.021875
1 0.617969 0.606250 0.014062 0.025000
1 0.625781 0.625781 0.014062 0.023438
1 0.638281 0.639844 0.014062 0.023438
1 0.545312 0.389062 0.012500 0.021875
1 0.329688 0.124219 0.012500 0.026563
1 0.545312 0.217969 0.012500 0.023438
1 0.662500 0.534375 0.012500 0.025000
1 0.656250 0.557031 0.014844 0.025000
1 0.524219 0.982812 0.017188 0.031250
