0 0.500781 0.982812 0.017188 0.031250
0 0.654687 0.500000 0.012500 0.025000
0 0.303125 0.049219 0.012500 0.023438
0 0.288281 0.364063 0.010937 0.025000
0 0.632812 0.520312 0.012500 0.021875
0 0.666406 0.572656 0.017188 0.023438
0 0.674219 0.526563 0.007812 0.018750
0 0.664844 0.528906 0.014062 0.023438
0 0.669531 0.745313 0.010938 0.021875
0 0.337500 0.164062 0.015625 0.028125
0 0.667188 0.675781 0.012500 0.023438
0 0.641406 0.608594 0.014062 0.023438
0 0.657031 0.108594 0.014062 0.026563
1 0.476562 0.982812 0.018750 0.031250
1 0.287500 0.414062 0.012500 0.021875
1 0.334375 0.214844 0.012500 0.020313
1 0.656250 0.109375 0.012500 0.025000
1 0.289062 0.296094 0.012500 0.023438
1 0.524219 0.982812 0.017188 0.031250
1 0.324219 0.234375 0.014844 0.024219
1 0.307031 0.701563 0.014063 0.021875
1 0.286719 0.438281 0.014844 0.024219
1 0.669531 0.745313 0.010938 0.018750
1 0.692187 0.442969 0.009375 0.029688
1 0.287500 0.391406 0.012500 0.023438
1 0.346875 0.243750 0.012500 0.021875
1 0.666406 0.572656 0.014062 0.023438
1 0.425781 0.434375 0.014844 0.025000
1 0.428906 0.732813 0.014062 0.025000
1 0.248437 0.057031 0.015625 0.026563
1 0.545312 0.210938 0.012500 0.021875
1 0.599219 0.185937 0.014062 0.021875
1 0.278125 0.674219 0.015625 0.023438
1 0.660937 0.144531 0.012500 0.017188
1 0.660937 0.436719 0.012500 0.020313
