0 0.615625 0.510938 0.012500 0.025000
0 0.448437 0.499219 0.014844 0.025781
0 0.288281 0.343750 0.010937 0.021875
0 0.287500 0.439063 0.012500 0.021875
0 0.288281 0.367969 0.012500 0.024219
0 0.660156 0.389844 0.012500 0.023438
0 0.287500 0.414844 0.012500 0.023438
0 0.350000 0.292187 0.012500 0.021875
0 0.458594 0.513281 0.014063 0.023438
0 0.500781 0.982812 0.017188 0.031250
0 0.564844 0.180469 0.013281 0.023438
0 0.641406 0.426563 0.014062 0.021875
1 0.617969 0.555469 0.014062 0.023438
1 0.476562 0.982812 0.018750 0.031250
1 0.449219 0.567187 0.014062 0.025000
1 0.288281 0.319531 0.011719 0.023438
1 0.287500 0.536719 0.012500 0.023438
1 0.287500 0.390625 0.012500 0.021875
1 0.659375 0.366406 0.012500 0.023438
1 0.305469 0.522656 0.014062 0.023438
1 0.375781 0.592969 0.015625 0.025781
1 0.476562 0.491406 0.012500 0.023438
1 0.671094 0.688281 0.014062 0.023438
1 0.317969 0.507031 0.014063 0.023438
1 0.589844 0.628125 0.014063 0.025000
1 0.524219 0.983594 0.019531 0.033594
1 0.430469 0.625000 0.014062 0.025000
1 0.609375 0.244531 0.012500 0.020313
1 0.607812 0.203125 0.012500 0.021875
1 0.660937 0.414062 0.014844 0.025000
1 0.342187 0.480469 0.014844 0.025000
1 0.660937 0.436719 0.012500 0.023438
1 0.370313 0.565625 0.012500 0.025000
