0 0.665625 0.445312 0.014063 0.025781
0 0.647656 0.387500 0.014062 0.025000
0 0.477344 0.982812 0.017188 0.031250
0 0.434375 0.742969 0.012500 0.023438
0 0.307813 0.300000 0.012500 0.021875
0 0.307813 0.370312 0.012500 0.021875
0 0.599219 0.130469 0.014062 0.020312
0 0.396875 0.317188 0.012500 0.025000
0 0.361719 0.228125 0.014063 0.025000
0 0.670312 0.393750 0.012500 0.021875
0 0.670312 0.416406 0.012500 0.023438
1 0.660937 0.636719 0.012500 0.026563
1 0.306250 0.421094 0.013281 0.029687
1 0.711719 0.567969 0.010937 0.026563
1 0.302344 0.724219 0.014063 0.023438
1 0.307813 0.346094 0.012500 0.023438
1 0.500781 0.982812 0.017188 0.031250
1 0.524219 0.982812 0.017188 0.031250
1 0.307031 0.394531 0.010937 0.023438
1 0.427344 0.414062 0.014063 0.021875
1 0.324219 0.445312 0.014844 0.027344
1 0.307813 0.458594 0.012500 0.026562
1 0.696875 0.733594 0.012500 0.023438
1 0.641406 0.505469 0.010937 0.014062
1 0.307031 0.323437 0.010937 0.021875
1 0.667188 0.471094 0.012500 0.023438
1 0.317187 0.739844 0.012500 0.020312
1 0.669531 0.496875 0.010938 0.021875
