0 0.117188 0.575000 0.023438 0.017969
0 0.087500 0.640625 0.018750 0.025000
0 0.268750 0.687500 0.034375 0.053125
0 0.201563 0.465625 0.014844 0.025000
0 0.713281 0.479688 0.014062 0.012500
0 0.477344 0.982812 0.017188 0.031250
0 0.212500 0.473438 0.017969 0.036719
0 0.655469 0.506250 0.007812 0.015625
0 0.160938 0.605469 0.018750 0.014063
0 0.630469 0.505469 0.017188 0.029687
0 0.213281 0.471875 0.017187 0.034375
0 0.161719 0.575000 0.023438 0.018750
0 0.117188 0.575781 0.021875 0.017188
0 0.241406 0.407031 0.017187 0.020313
0 0.364063 0.559375 0.021875 0.028125
0 0.150781 0.689062 0.035938 0.056250
0 0.778906 0.471094 0.020312 0.026562
0 0.235937 0.403906 0.012500 0.014063
1 0.760156 0.449219 0.010938 0.020312
1 0.236719 0.434375 0.010937 0.018750
1 0.240625 0.421094 0.009375 0.017188
1 0.775781 0.446875 0.014062 0.021875
1 0.798438 0.492188 0.012500 0.021875
1 0.802344 0.514062 0.020312 0.031250
1 0.235156 0.419531 0.014063 0.017187
1 0.784375 0.489062 0.015625 0.034375
1 0.081250 0.672656 0.015625 0.054688
1 0.196094 0.489844 0.014063 0.020313
1 0.207031 0.493750 0.007812 0.018750
1 0.768750 0.436719 0.015625 0.023438
1 0.524219 0.982812 0.017188 0.031250
1 0.229687 0.433594 0.015625 0.023438
1 0.221094 0.443750 0.014063 0.025000
1 0.120312 0.684375 0.031250 0.059375
1 0.236719 0.434375 0.010937 0.018750
1 0.227344 0.451562 0.010938 0.025000
1 0.214844 0.439063 0.014062 0.025000
1 0.230469 0.449219 0.010937 0.026563
1 0.769531 0.456250 0.017187 0.028125
1 0.225781 0.451562 0.014063 0.031250
1 0.755469 0.435937 0.010938 0.021875
1 0.223438 0.435156 0.012500 0.020313
1 0.125781 0.642188 0.026563 0.034375
1 0.101562 0.664062 0.028125 0.056250
1 0.500781 0.982812 0.017188 0.031250
1 0.192188 0.507812 0.021875 0.034375
