0 0.397656 0.742188 0.014062 0.021875
0 0.307813 0.075000 0.012500 0.025000
0 0.339062 0.460938 0.009375 0.018750
0 0.306250 0.167969 0.012500 0.023438
0 0.410937 0.743750 0.012500 0.021875
0 0.307031 0.330469 0.013281 0.025781
0 0.303906 0.692187 0.014062 0.025000
0 0.669531 0.383594 0.010938 0.020313
0 0.300000 0.719531 0.015625 0.026562
0 0.307031 0.383594 0.010937 0.023438
0 0.408594 0.663281 0.010937 0.020313
0 0.365625 0.354687 0.012500 0.021875
0 0.476562 0.982812 0.018750 0.031250
0 0.365625 0.206250 0.012500 0.025000
0 0.539062 0.146875 0.012500 0.015625
0 0.351562 0.177344 0.012500 0.023438
0 0.315625 0.737500 0.012500 0.021875
1 0.320312 0.675000 0.012500 0.025000
1 0.353125 0.177344 0.013281 0.025000
1 0.670312 0.407813 0.012500 0.021875
1 0.307813 0.357812 0.012500 0.025000
1 0.321875 0.705469 0.012500 0.026563
1 0.299219 0.718750 0.014063 0.025000
1 0.306250 0.407031 0.012500 0.020313
1 0.384375 0.280469 0.012500 0.023438
1 0.307031 0.383594 0.010937 0.023438
1 0.500781 0.982812 0.017188 0.031250
1 0.524219 0.982812 0.017188 0.031250
1 0.474219 0.196094 0.010937 0.023438
1 0.670312 0.360156 0.012500 0.023438
