0 0.477344 0.982812 0.017188 0.031250
0 0.300000 0.246875 0.012500 0.025000
0 0.300000 0.320312 0.009375 0.021875
0 0.300781 0.414062 0.010938 0.021875
0 0.678906 0.734375 0.012500 0.033594
0 0.667969 0.650000 0.014063 0.025000
0 0.301562 0.367188 0.012500 0.021875
0 0.300781 0.342969 0.010938 0.020313
0 0.644531 0.704688 0.010938 0.015625
0 0.678906 0.701563 0.010937 0.025000
0 0.614844 0.132812 0.012500 0.025781
0 0.300781 0.390625 0.010938 0.021875
1 0.507812 0.471875 0.013281 0.027344
1 0.300781 0.367188 0.010938 0.021875
1 0.679688 0.735156 0.009375 0.026562
1 0.350000 0.325781 0.012500 0.023438
1 0.182031 0.058594 0.015625 0.025000
1 0.500781 0.982812 0.017188 0.031250
1 0.524219 0.982812 0.017188 0.031250
1 0.367188 0.463281 0.012500 0.023438
1 0.299219 0.247656 0.010937 0.026562
1 0.589063 0.404687 0.012500 0.025000
1 0.300000 0.320312 0.009375 0.021875
1 0.298438 0.217969 0.012500 0.026563
1 0.464063 0.513281 0.012500 0.026563
1 0.414062 0.301563 0.013281 0.025781
1 0.567969 0.282031 0.007812 0.010937
1 0.663281 0.393750 0.010937 0.025000
1 0.614844 0.132031 0.010938 0.023437
