0 0.585938 0.124219 0.012500 0.023437
0 0.678906 0.486719 0.007812 0.023438
0 0.307031 0.397656 0.010937 0.023438
0 0.671094 0.491406 0.014062 0.026562
0 0.327344 0.473438 0.010937 0.015625
0 0.509375 0.724219 0.018750 0.017188
0 0.476562 0.982812 0.018750 0.031250
0 0.307031 0.423438 0.015625 0.025781
0 0.307813 0.350000 0.012500 0.021875
0 0.275781 0.647656 0.017187 0.026562
0 0.547656 0.169531 0.010937 0.023438
0 0.302344 0.563281 0.014063 0.023438
0 0.307813 0.371875 0.012500 0.021875
1 0.396875 0.125781 0.012500 0.023438
1 0.308594 0.303125 0.010938 0.021875
1 0.500781 0.982812 0.017188 0.031250
1 0.524219 0.982812 0.017188 0.031250
1 0.303125 0.563281 0.012500 0.023438
1 0.659375 0.723437 0.009375 0.021875
1 0.307031 0.396875 0.013281 0.025781
1 0.640625 0.460938 0.009375 0.012500
1 0.712500 0.568750 0.009375 0.021875
1 0.307031 0.325781 0.013281 0.026562
1 0.607812 0.494531 0.012500 0.023438
1 0.390625 0.357812 0.012500 0.025000
1 0.420312 0.211719 0.012500 0.023438
1 0.665625 0.439844 0.012500 0.023438
1 0.334375 0.333594 0.012500 0.023438
1 0.671875 0.461719 0.012500 0.026562
