0 0.915625 0.221094 0.034375 0.023438
0 0.768750 0.347656 0.021875 0.057813
0 0.758594 0.346875 0.039062 0.059375
0 0.532812 0.350781 0.025000 0.045312
0 0.553125 0.350000 0.015625 0.043750
0 0.738281 0.348437 0.017187 0.050000
0 0.458594 0.350000 0.014063 0.043750
0 0.764062 0.326562 0.028125 0.018750
1 0.835156 0.357031 0.014062 0.039062
1 0.978906 0.345313 0.039062 0.065625
1 0.214062 0.351562 0.025000 0.040625
1 0.887500 0.310937 0.112500 0.159375
1 0.794531 0.348437 0.032813 0.050000
1 0.838281 0.265625 0.029687 0.034375
1 0.827344 0.211719 0.035938 0.048437
