0 0.836719 0.358594 0.020313 0.042187
0 0.550000 0.351562 0.025000 0.043750
0 0.989062 0.375781 0.018750 0.017188
0 0.840625 0.367969 0.015625 0.023438
0 0.759375 0.349219 0.040625 0.060938
0 0.985156 0.375000 0.014062 0.015625
0 0.738281 0.350781 0.017187 0.051563
0 0.764844 0.326562 0.029687 0.018750
0 0.996875 0.375781 0.005469 0.018750
1 0.839063 0.214844 0.037500 0.060937
1 0.888281 0.313281 0.110938 0.157813
1 0.835156 0.358594 0.019531 0.046094
1 0.214062 0.352344 0.025000 0.042187
1 0.830469 0.353906 0.010156 0.037500
1 0.795312 0.351562 0.034375 0.053125
1 0.827344 0.165625 0.039062 0.062500
