0 0.768750 0.343750 0.021875 0.056250
0 0.916406 0.217187 0.032813 0.021875
0 0.771094 0.176563 0.017188 0.018750
0 0.759375 0.342969 0.037500 0.060937
0 0.738281 0.345313 0.017187 0.053125
0 0.458594 0.347656 0.014063 0.045312
0 0.553125 0.347656 0.015625 0.045312
0 0.735938 0.353125 0.012500 0.037500
0 0.742188 0.325781 0.012500 0.017187
0 0.763281 0.324219 0.029687 0.023438
1 0.978906 0.339844 0.039062 0.067187
1 0.886719 0.307812 0.114062 0.156250
1 0.835938 0.354687 0.018750 0.037500
1 0.795312 0.345313 0.034375 0.053125
1 0.839063 0.262500 0.028125 0.031250
1 0.828125 0.210156 0.034375 0.048437
1 0.214062 0.347656 0.025000 0.039062
